1000
557
771
11
534
705
492
252
944
306
284
257
910
61
753
931
292
385
109
399
327
611
13
418
224
417
328
149
505
617
195
617
174
318
628
61
23
472
313
319
131
598
577
41
11
682
324
303
419
433
55
747
45
420
517
621
190
197
122
695
814
317
312
341
635
293
402
10
117
67
330
248
17
907
642
381
941
966
36
360
752
91
459
797
864
976
770
54
525
892
749
340
562
413
33
197
58
787
560
176
854
890
776
224
149
418
605
90
737
641
802
489
85
262
638
949
590
408
3
116
652
104
808
214
869
841
412
928
980
972
104
834
214
880
58
363
299
15
805
388
657
959
877
742
573
515
691
164
275
46
632
927
502
792
142
371
985
906
299
965
230
403
151
444
636
210
159
287
577
316
675
234
627
552
328
201
419
371
717
694
417
349
973
919
141
115
291
478
373
942
443
603
346
594
399
982
156
910
269
734
226
296
320
206
848
649
407
619
372
124
665
790
825
638
61
318
106
704
796
479
647
591
83
345
185
482
679
694
745
300
780
323
596
100
529
796
101
936
415
474
412
80
616
589
718
29
907
824
734
55
304
733
646
739
430
184
573
109
230
318
761
10
642
357
462
171
153
916
460
920
390
224
0
358
814
70
387
73
247
473
481
903
558
479
994
988
15
567
449
245
238
562
607
232
919
70
755
424
986
215
344
728
792
696
438
958
119
177
31
718
3
864
973
561
344
967
902
359
886
703
605
124
266
212
356
537
634
464
962
972
679
658
52
823
707
842
781
178
20
165
248
375
29
221
288
725
188
190
85
74
246
42
551
864
606
259
401
241
723
715
565
755
726
970
930
785
812
712
315
184
229
563
559
610
784
848
336
324
390
421
750
988
463
653
852
421
913
606
662
988
673
580
743
751
550
674
888
714
738
203
899
319
766
810
929
902
658
617
578
401
38
329
389
853
982
594
275
247
200
289
236
225
221
331
977
123
357
217
838
95
421
89
766
539
899
696
794
910
313
372
311
704
53
52
909
36
646
536
283
198
178
871
776
399
203
105
875
560
322
713
8
743
154
774
635
405
822
781
315
136
153
978
192
207
31
453
595
29
990
878
228
520
102
4
271
305
109
146
217
783
211
225
527
365
0
514
771
822
295
438
310
800
417
854
7
800
308
602
829
650
833
409
170
935
765
441
592
226
588
809
10
799
35
889
517
387
403
288
561
50
78
872
850
847
726
858
647
386
812
829
36
997
238
558
932
356
0
876
582
940
686
592
91
73
481
608
460
884
248
21
286
327
245
137
174
324
347
174
710
159
3
99
157
593
657
441
949
9
670
884
301
356
476
393
781
958
353
241
194
602
614
833
281
860
970
807
184
317
981
246
828
336
697
337
282
707
131
583
716
801
467
370
509
296
763
290
606
468
531
152
70
497
985
703
357
955
511
893
624
844
492
453
533
189
790
167
896
921
102
965
722
570
335
231
218
450
521
824
918
404
328
341
902
314
44
611
621
907
505
246
104
997
699
637
186
489
156
435
411
258
400
485
180
735
69
398
537
590
574
455
347
903
796
249
569
193
212
190
100
717
436
204
66
135
193
605
977
701
40
740
960
792
225
140
879
294
891
416
237
817
871
936
720
20
537
289
565
749
480
665
467
268
222
885
756
767
490
733
469
882
473
781
674
50
273
553
697
516
969
286
334
193
222
54
213
759
696
778
508
528
795
327
796
369
213
904
489
55
637
310
938
462
91
612
865
716
166
914
233
135
200
567
680
774
973
245
885
21
375
745
549
171
73
698
892
638
602
381
45
592
43
983
406
486
948
271
203
114
185
788
601
737
707
282
863
32
879
748
54
255
494
955
426
919
5
670
909
960
404
954
552
447
290
310
286
238
582
489
704
119
629
657
209
688
291
72
720
171
173
126
426
19
434
204
938
439
874
199
751
630
153
303
78
795
966
364
33
548
205
737
19
186
747
580
874
38
5
594
209
178
73
635
197
507
839
487
298
66
686
50
696
191
705
126
987
671
842
372
571
47
462
591
585
209
523
459
247
528
406
457
58
479
444
255
338
284
94
636
350
132
38
398
676
744
525
15
767
367
387
339
767
201
282
352
410
805
812
10
686
218
819
744
49
263
352
739
899
446
375
249
931
766
0
607
510
525
622
277
892
361
968
659
915
250
364
677
408
176
687
94
746
506
838
147
122
190
886
21
637
261
623
920
27
623
527
889
148
501
519
392
214
487
404
129
90
768
159
498
944
846
592
42
705
430
189
179
621
75
200
610
688
