10000
418
413
282
508
423
80
138
580
953
375
242
434
90
376
97
942
600
691
390
357
897
142
566
838
334
330
253
844
54
953
210
824
718
493
332
494
925
823
74
878
198
316
664
640
44
114
934
996
157
325
706
54
819
624
893
153
306
498
349
360
451
912
184
522
757
517
16
682
692
90
912
242
759
928
883
155
42
817
152
199
494
858
254
313
482
499
818
141
997
168
501
800
80
38
322
837
907
338
871
599
781
135
841
540
63
76
695
458
246
199
657
740
57
263
406
892
762
224
33
759
392
886
912
824
924
234
661
183
925
884
782
706
371
976
246
435
52
293
245
298
493
902
391
902
166
797
794
280
21
179
392
766
418
304
590
694
538
604
878
463
840
12
169
212
988
767
999
393
61
244
691
554
498
434
456
664
231
603
297
605
134
689
723
552
993
313
599
531
269
477
347
110
841
516
674
830
636
673
575
697
917
266
603
767
53
59
784
636
14
81
241
149
770
964
53
763
630
4
646
251
833
993
361
675
862
35
857
498
60
432
547
329
50
150
97
103
561
881
740
576
962
333
77
732
650
482
847
632
487
845
883
672
191
597
347
405
632
204
903
45
988
802
374
39
952
471
494
513
352
234
441
314
920
870
398
570
705
597
202
544
443
437
216
986
34
916
391
19
120
294
64
461
448
438
500
400
910
994
265
262
581
59
929
853
281
679
775
986
277
329
530
72
766
99
58
801
15
449
820
487
95
884
948
543
322
448
295
584
795
912
847
728
971
128
581
253
807
356
239
84
37
122
508
803
221
566
956
236
367
776
723
462
12
24
357
687
472
652
271
619
565
470
347
888
950
280
141
758
988
733
194
25
207
703
181
428
621
137
16
989
266
91
451
278
115
161
965
940
165
589
559
730
411
259
619
362
539
112
120
880
197
314
257
404
369
438
832
991
576
200
980
842
644
783
472
759
296
790
51
462
379
611
192
790
222
163
504
113
628
624
993
825
291
251
230
12
41
414
3
617
967
335
811
611
471
284
722
767
74
774
229
805
737
774
947
959
289
452
72
917
428
418
95
71
21
677
84
62
91
439
32
410
775
843
21
598
479
96
365
905
870
947
62
959
721
10
918
10
814
342
280
594
760
375
666
781
52
750
196
495
189
228
906
316
71
279
914
903
375
632
160
597
579
223
556
652
585
826
662
399
169
294
993
929
669
11
63
73
761
259
569
303
487
827
971
910
458
238
165
834
870
326
783
801
549
692
453
134
518
467
885
687
762
878
969
783
890
32
857
3
291
778
658
130
957
630
392
415
868
558
601
90
884
385
891
433
429
344
919
947
163
804
635
925
34
604
61
924
988
270
280
631
400
938
761
357
568
153
772
788
63
726
878
947
463
769
732
892
465
651
839
629
455
474
554
490
430
967
766
418
237
398
49
637
337
162
994
257
668
119
46
731
845
924
679
308
46
411
200
511
415
391
140
222
218
47
64
648
14
183
419
252
581
820
889
918
983
236
176
651
355
574
382
552
850
413
212
896
177
764
408
592
155
548
166
373
595
231
374
962
414
793
214
995
965
455
266
300
691
794
951
398
368
686
302
218
451
514
115
628
278
875
572
786
775
739
159
371
322
533
685
736
678
899
83
996
354
349
296
398
143
248
148
863
286
451
434
737
965
549
718
596
776
642
382
551
381
541
922
703
427
959
791
457
858
875
453
565
576
750
315
72
350
463
935
988
914
369
77
232
270
795
828
46
438
562
598
171
455
872
227
882
832
18
692
42
245
497
959
174
247
274
246
949
738
533
937
4
255
367
236
525
162
416
924
952
978
522
476
434
746
703
668
930
73
360
973
319
210
932
493
809
559
91
759
297
624
48
653
879
415
242
757
930
658
681
234
637
555
710
423
653
765
91
584
839
804
909
510
14
841
3
823
752
446
934
401
70
983
55
302
750
297
59
680
307
740
267
296
647
977
719
300
743
163
884
934
319
793
444
333
987
799
508
739
245
795
141
667
130
548
969
880
197
28
913
504
120
180
801
767
509
872
68
604
35
952
538
354
98
982
39
437
133
900
176
378
695
669
46
825
569
15
705
766
44
970
271
164
150
424
284
12
296
352
616
332
656
155
38
754
489
430
543
623
330
72
353
25
741
399
202
663
767
259
429
163
230
700
327
732
476
963
744
773
315
713
457
324
868
495
78
709
277
974
684
607
46
38
984
787
437
186
450
556
446
232
719
676
284
399
760
761
362
505
534
678
570
991
2
790
838
432
499
116
406
184
75
804
574
60
944
363
246
746
920
44
978
639
72
263
38
833
24
401
690
558
431
260
901
785
50
91
569
901
559
328
437
635
132
11
47
76
375
645
823
295
690
153
286
762
416
325
947
440
78
637
350
861
249
603
998
299
47
567
553
606
247
990
593
380
2
640
808
729
286
983
24
328
137
662
90
553
987
38
346
417
27
48
278
277
4
276
928
51
196
481
657
443
824
251
175
826
243
984
555
529
319
931
857
456
593
300
362
933
690
708
350
717
108
981
346
112
257
627
163
805
460
821
249
284
424
424
110
667
760
17
549
80
300
406
536
246
706
898
179
748
958
881
466
419
862
164
531
472
791
47
277
252
220
526
536
644
303
999
663
63
368
212
495
21
971
32
267
29
282
446
778
593
679
596
364
542
760
895
366
904
294
643
156
514
522
44
510
177
395
174
240
116
386
88
137
357
120
404
387
754
202
517
699
881
113
63
775
873
311
141
777
605
137
285
120
659
682
630
836
77
156
428
545
543
516
682
252
988
438
991
95
640
508
794
874
973
210
1
847
521
143
976
126
280
614
598
291
296
581
479
725
737
259
271
632
128
305
237
116
744
580
563
736
441
710
962
414
920
964
613
441
459
590
919
739
556
870
382
852
451
861
929
540
120
552
525
248
210
762
717
306
342
632
394
783
342
357
198
262
673
163
55
132
753
327
223
661
549
957
513
0
818
795
892
290
699
417
539
909
531
608
215
226
240
610
9
935
319
559
197
344
723
605
828
828
284
403
490
833
360
355
185
178
502
77
468
202
847
359
463
378
319
679
604
912
641
966
847
312
877
396
656
952
1
836
133
637
239
623
470
599
330
655
129
833
85
949
387
932
661
850
662
980
881
619
244
522
585
91
186
814
488
842
767
841
30
900
831
269
875
301
868
557
309
349
390
394
299
129
678
960
980
692
292
861
311
537
736
248
980
922
415
820
117
534
14
147
434
845
417
661
146
637
218
807
987
961
553
638
90
231
598
70
276
242
284
939
779
20
540
760
942
955
932
59
489
946
207
275
791
976
936
290
613
506
97
952
467
651
590
558
234
540
980
862
783
264
802
562
284
342
674
227
649
959
638
138
905
197
413
697
173
701
339
139
207
436
443
675
439
34
585
674
574
565
536
709
830
338
272
114
32
298
693
681
257
684
171
515
881
936
564
55
989
903
546
197
691
989
224
131
375
809
805
302
374
693
11
556
384
635
23
416
286
716
450
543
752
973
410
634
910
974
41
899
229
587
448
921
928
672
52
304
833
857
606
208
902
617
116
286
253
139
55
539
208
505
434
960
478
197
594
740
171
987
640
401
926
88
322
855
113
374
159
946
583
117
506
485
734
623
124
339
762
179
230
970
36
17
931
514
214
877
607
737
865
247
138
791
687
812
998
152
538
157
99
473
626
605
311
713
228
435
52
991
614
635
313
650
652
596
516
866
826
475
603
43
722
94
186
762
258
185
914
797
694
365
270
321
971
933
34
551
368
438
894
334
73
208
336
725
156
205
943
982
680
899
25
755
345
212
517
603
397
783
400
91
149
23
764
472
956
798
23
677
237
918
11
662
478
348
740
634
553
683
617
233
934
642
988
279
206
857
883
603
993
635
47
142
10
811
966
319
962
989
996
551
259
359
565
737
707
305
372
612
341
341
198
275
335
538
907
542
396
142
497
389
129
544
883
140
708
849
459
22
190
807
925
450
166
490
187
226
796
911
838
137
604
388
764
940
927
671
834
323
165
331
64
295
228
947
787
936
148
598
310
338
405
235
788
923
725
328
149
521
591
340
10
196
728
127
488
7
150
322
330
316
5
746
611
233
45
398
169
193
996
479
884
753
66
672
676
792
352
178
665
944
870
676
492
950
803
980
958
953
654
640
621
659
387
232
893
784
982
414
978
330
246
862
435
312
886
112
104
239
642
122
535
512
150
27
462
305
7
420
610
13
413
232
672
800
816
917
584
151
332
914
481
930
128
917
242
15
381
699
606
23
821
141
535
971
168
349
276
527
122
886
892
535
470
564
687
287
834
623
438
166
538
271
96
18
540
690
33
921
389
991
296
562
484
183
885
4
533
513
531
655
752
775
542
222
340
229
509
174
852
299
692
742
571
140
761
111
830
146
385
572
138
681
486
622
865
372
627
398
237
510
405
989
638
947
212
978
528
73
504
380
373
548
123
296
688
236
759
870
382
144
794
872
826
281
847
43
5
826
441
594
688
198
584
326
497
148
656
25
221
512
757
946
60
232
594
100
468
354
323
851
498
117
75
676
750
922
719
107
748
512
702
437
710
286
763
559
434
420
584
7
284
694
306
345
926
900
445
395
254
120
598
105
238
673
781
988
596
853
448
344
365
150
133
428
436
249
987
222
21
924
581
305
618
887
650
544
788
448
939
42
568
889
499
158
563
633
499
159
486
947
855
851
97
341
279
885
590
619
459
611
895
40
916
513
928
919
409
716
367
349
110
287
590
962
446
153
595
297
664
81
244
520
932
341
213
564
578
803
535
37
414
430
429
330
295
357
249
704
425
968
405
888
608
996
850
406
149
445
703
814
526
947
686
810
640
251
726
570
54
613
607
468
43
36
150
338
746
752
395
523
72
800
411
680
796
613
86
298
58
789
464
936
88
502
99
80
753
177
650
807
791
609
627
186
998
777
877
744
881
272
619
954
424
31
634
221
996
73
871
407
214
335
343
303
837
794
735
942
324
386
749
115
995
376
653
993
505
530
89
387
154
709
693
579
92
327
152
88
752
23
495
967
358
191
622
547
337
357
489
661
95
590
776
91
966
782
84
823
312
526
562
467
235
255
398
327
935
550
767
687
573
263
6
283
806
628
830
143
338
319
805
433
909
933
876
227
715
313
402
380
839
965
199
74
572
597
753
507
147
872
547
72
135
553
355
941
534
185
85
872
856
242
657
117
175
534
696
243
847
98
623
686
415
822
112
988
419
217
847
918
89
394
990
577
948
345
870
482
882
307
706
90
549
715
207
77
249
255
320
96
705
943
134
121
765
598
461
184
167
308
454
609
55
444
186
3
141
56
837
375
364
895
465
265
610
24
342
860
631
662
308
336
605
795
809
370
745
622
906
913
283
360
522
338
156
708
693
297
116
530
24
832
777
489
98
387
865
792
599
496
455
908
185
60
55
994
783
800
617
41
713
900
754
587
590
910
647
283
560
764
165
584
948
942
426
398
329
643
191
929
140
646
189
325
58
244
671
193
396
640
235
462
540
341
49
482
251
697
765
163
813
930
100
113
224
878
512
906
521
703
187
13
349
376
338
759
972
362
953
368
2
540
830
895
881
232
377
484
929
495
0
94
777
100
207
2
978
719
908
851
422
95
865
123
823
555
883
795
917
188
515
272
80
698
167
313
930
896
149
211
391
149
305
521
601
864
523
931
584
783
135
358
230
0
482
53
555
717
200
825
257
67
97
337
765
616
650
47
512
151
258
256
301
915
777
254
780
652
538
716
787
673
74
17
673
556
70
580
625
622
405
882
689
502
571
807
470
573
206
983
725
817
591
26
732
720
632
864
372
522
580
159
195
655
176
220
563
598
801
189
572
558
423
613
413
995
772
883
568
979
218
645
796
809
671
880
529
656
745
253
178
325
764
726
980
292
946
544
242
99
85
814
658
860
780
71
207
552
306
128
531
525
773
679
334
797
560
216
453
305
821
983
630
586
61
963
878
8
507
121
459
944
287
469
804
67
892
364
972
199
492
855
724
265
535
410
62
95
978
867
752
800
851
734
386
264
697
616
624
556
89
84
500
377
905
657
796
798
21
768
349
513
624
73
130
511
835
193
958
814
412
710
966
263
444
352
880
142
320
504
50
410
588
551
139
494
208
935
644
581
56
993
94
680
418
576
191
253
769
501
419
182
211
385
797
7
89
677
501
762
182
552
172
122
455
311
968
663
598
612
596
654
957
42
686
375
618
877
981
388
730
752
922
941
490
71
301
579
101
802
693
283
706
865
757
161
528
726
176
479
690
772
133
648
166
820
23
785
49
356
525
780
109
447
73
599
870
374
530
971
529
224
606
587
441
364
749
322
442
277
801
132
402
934
132
568
106
156
353
156
864
878
288
973
677
361
572
900
88
455
871
969
679
478
556
472
194
657
794
636
935
595
120
337
882
253
905
340
761
611
496
625
841
136
951
519
498
523
771
938
330
642
907
9
472
463
834
666
473
628
654
408
576
127
97
458
380
354
798
493
965
647
118
807
135
69
678
985
945
449
923
627
443
830
637
916
646
471
934
119
451
941
879
27
68
976
837
800
682
988
293
648
987
763
807
122
185
837
108
482
638
31
109
81
214
746
997
212
569
284
683
373
225
914
400
293
890
590
445
924
578
738
572
565
501
731
39
686
568
147
168
206
531
278
288
745
376
637
309
298
273
344
671
498
258
423
143
500
13
588
424
943
678
997
860
180
80
900
218
649
47
739
855
578
369
495
675
97
485
336
747
758
680
418
257
938
194
752
790
207
693
215
151
371
564
363
903
644
263
474
645
663
213
501
593
934
348
269
31
833
957
779
944
990
549
201
928
743
305
71
303
998
286
806
370
202
169
273
846
433
99
492
96
312
345
689
598
45
310
982
879
620
113
175
610
662
376
890
758
33
961
413
32
247
219
754
449
740
379
648
525
479
492
973
143
837
15
742
882
677
724
113
297
189
288
907
851
16
150
961
50
111
374
434
711
945
188
512
686
567
160
211
398
652
537
542
841
552
636
76
229
712
541
527
901
830
786
104
198
936
66
600
48
792
34
111
738
574
623
776
494
784
339
892
788
876
434
982
428
70
58
658
134
599
537
35
781
323
140
980
612
558
932
12
350
967
123
440
893
746
568
387
882
908
280
671
136
66
5
917
489
63
575
623
662
464
11
444
139
151
776
751
709
708
115
411
27
238
204
921
985
772
660
867
32
292
890
169
359
895
86
200
310
13
175
973
829
186
769
968
689
897
72
750
605
187
162
633
778
366
906
763
138
566
982
523
859
225
692
570
472
130
770
783
143
297
108
972
836
229
292
525
126
364
276
83
904
790
716
682
156
974
797
646
541
131
169
400
356
213
970
181
343
92
316
486
741
776
810
577
357
103
455
483
819
83
566
75
225
635
109
381
961
906
379
502
38
901
254
746
114
576
279
810
20
595
648
762
723
459
691
80
914
498
563
733
933
482
161
158
469
270
891
430
177
271
285
567
524
539
665
990
468
945
800
488
540
449
602
616
908
294
696
174
144
260
259
78
94
420
588
915
691
480
697
220
103
982
139
627
874
804
969
342
101
770
830
994
219
785
610
479
431
306
653
575
918
264
5
12
685
594
279
728
426
977
300
529
959
439
508
833
595
477
527
49
599
710
43
170
495
653
1
926
959
654
853
230
271
859
242
956
805
522
36
231
851
336
112
810
127
620
996
74
449
523
123
49
585
166
219
80
171
221
358
483
227
212
713
498
71
307
806
228
829
842
459
32
530
571
843
657
543
191
732
992
66
855
393
652
374
965
84
545
538
443
28
117
655
741
968
726
49
774
954
230
969
765
263
499
688
458
509
231
649
241
575
67
448
321
719
174
638
804
720
176
247
100
293
902
842
613
980
243
740
286
825
709
403
440
560
91
898
69
674
899
662
601
967
111
922
686
637
560
842
357
88
89
458
734
343
652
347
323
247
87
961
72
148
364
513
709
807
411
130
481
663
793
83
630
256
357
668
893
270
511
603
710
952
413
444
296
65
144
971
664
583
933
736
84
649
601
145
457
365
275
938
28
420
373
658
28
83
678
922
705
189
877
415
142
290
212
438
707
708
761
371
291
694
459
727
344
61
872
153
426
148
443
806
568
817
816
597
252
494
871
309
684
100
76
178
742
288
968
449
348
729
172
992
776
983
719
120
44
592
625
822
92
68
980
660
237
796
609
489
291
832
798
327
932
875
505
674
515
473
475
216
202
999
208
330
983
279
802
379
871
427
554
963
496
534
976
733
331
937
575
622
770
373
949
54
600
806
81
468
631
908
684
185
908
244
516
891
523
318
270
747
746
824
62
242
711
38
327
42
976
902
16
98
628
317
504
228
123
937
48
754
846
84
939
754
680
807
997
556
126
267
303
872
444
365
466
507
756
793
549
84
696
565
534
324
234
38
904
357
976
953
463
822
389
754
928
70
562
925
626
688
544
281
912
340
646
378
847
754
171
396
838
219
313
372
543
547
763
448
256
91
753
719
913
142
826
841
564
388
118
190
428
662
471
340
3
470
70
850
224
241
599
415
813
912
139
356
812
902
156
68
993
261
140
258
756
966
451
320
706
569
863
486
232
686
826
587
508
248
789
733
841
388
500
654
301
639
363
465
894
519
533
887
133
673
498
889
991
949
561
697
871
776
535
455
463
713
42
971
961
831
56
803
220
908
457
873
548
820
690
794
692
223
33
177
249
531
66
240
833
979
290
704
108
825
159
571
891
553
894
852
384
303
655
956
211
465
181
111
285
871
905
329
447
291
506
696
822
924
288
655
256
930
711
364
108
870
287
999
775
181
851
512
836
859
468
400
324
2
863
961
225
121
643
672
412
149
368
234
426
9
242
682
939
953
398
399
176
685
398
303
218
602
815
55
461
284
807
137
638
670
98
863
791
93
536
203
595
256
790
21
265
32
55
557
337
453
308
865
138
59
169
708
661
336
115
474
620
922
611
610
593
61
474
384
507
362
940
102
618
730
123
236
114
530
145
803
983
453
21
473
512
542
181
525
878
297
999
851
571
962
461
164
376
287
901
883
649
841
985
268
923
460
856
389
990
1
544
973
806
565
798
319
107
331
844
338
980
196
189
552
158
2
716
886
290
969
769
939
162
754
559
437
566
415
826
556
768
371
881
575
288
679
246
748
363
442
86
343
638
275
895
149
629
964
387
919
933
157
211
96
263
122
885
830
890
712
386
658
435
268
585
723
299
831
471
662
626
909
358
264
536
253
765
166
569
153
437
503
662
648
951
925
123
836
107
13
900
846
671
335
466
257
411
765
440
234
780
66
144
490
683
680
743
800
846
313
305
284
168
967
284
471
245
407
307
352
420
560
550
444
895
16
53
658
134
493
893
266
912
37
756
595
717
851
395
564
164
701
200
684
20
836
155
265
244
815
970
16
727
520
460
974
889
865
633
23
359
526
641
271
563
397
218
632
248
965
548
765
666
100
449
39
937
957
304
533
124
626
549
851
499
362
177
388
579
810
763
938
336
404
561
251
153
131
236
401
97
784
166
115
885
968
154
174
277
811
707
753
789
608
956
288
322
133
28
902
944
143
192
632
899
106
236
52
237
472
454
334
608
972
802
845
292
956
19
921
119
726
674
909
687
630
549
9
764
578
911
60
73
456
44
973
562
280
25
799
104
831
486
713
156
288
910
448
244
930
370
364
8
396
625
695
27
174
705
143
104
968
555
178
776
599
503
338
232
528
490
688
712
976
753
868
264
664
668
860
594
390
576
602
787
201
650
166
728
707
661
832
27
568
10
804
519
513
142
751
394
632
440
458
960
193
678
224
857
698
437
803
89
13
758
228
567
408
746
295
115
407
479
142
327
490
946
846
355
441
598
101
425
390
911
386
935
589
962
145
288
751
948
729
765
706
957
684
466
55
331
581
814
810
76
141
652
374
987
8
167
937
461
593
679
373
331
615
962
645
760
602
397
60
331
514
767
640
198
585
695
529
519
861
339
595
2
992
321
342
352
489
279
165
434
959
538
117
574
853
762
686
807
159
746
491
25
865
131
575
451
179
104
970
40
796
917
395
140
238
737
844
727
16
9
161
327
900
278
253
753
393
939
560
904
686
51
930
903
535
505
706
66
962
676
458
110
593
853
250
184
590
446
911
959
455
425
286
355
55
540
460
800
479
373
705
517
776
987
773
311
844
479
377
806
508
188
268
101
41
870
637
632
316
901
943
772
326
229
479
733
769
940
534
601
313
591
470
89
930
243
753
774
723
482
933
231
670
201
684
712
72
674
696
388
575
639
512
253
220
992
986
342
284
872
943
949
815
765
38
745
9
143
520
84
626
805
667
648
6
703
360
430
377
408
819
952
399
683
205
620
675
544
962
311
768
257
260
936
22
651
681
383
794
553
467
420
358
486
421
365
190
781
147
567
542
966
872
941
2
77
913
29
973
227
341
94
484
601
30
859
252
711
242
47
617
62
819
975
548
240
692
90
374
840
10
268
158
882
561
160
311
475
190
285
702
883
731
539
484
761
398
89
824
640
136
441
54
307
769
603
900
813
45
626
5
55
894
516
937
455
676
249
282
218
886
337
101
617
876
938
378
626
27
554
618
515
996
673
822
117
628
74
930
673
700
288
729
946
804
666
402
832
267
36
51
505
725
504
122
953
442
852
579
821
407
198
336
755
223
511
224
851
585
506
524
286
794
605
232
598
624
986
783
891
375
186
397
100
690
871
54
485
76
985
306
835
183
995
590
406
506
814
609
91
320
134
729
467
91
314
65
715
652
200
959
27
386
708
480
77
579
534
914
7
519
572
842
55
919
432
813
425
598
423
869
271
557
950
738
648
264
155
716
269
356
675
296
742
383
776
171
314
662
437
322
534
10
516
589
929
949
402
707
899
825
928
170
734
878
260
735
495
416
451
764
124
478
60
866
861
189
390
527
203
827
201
737
189
718
326
471
19
81
530
918
906
458
441
993
336
53
728
831
469
531
947
945
9
360
812
222
549
554
749
104
381
303
842
923
21
520
394
392
601
924
662
860
382
455
853
70
509
933
254
330
464
201
276
473
561
440
47
462
994
148
567
727
451
409
650
824
929
44
216
883
320
231
743
54
686
948
125
195
881
379
878
697
580
154
522
494
594
569
956
940
717
523
667
169
284
670
345
214
66
914
449
387
145
192
441
831
492
918
379
725
649
257
422
582
411
944
76
357
865
384
649
582
908
316
103
544
986
449
758
53
363
559
792
508
751
585
691
595
856
70
320
505
679
94
87
442
390
515
799
255
900
800
190
160
117
293
704
455
94
815
860
809
374
4
669
478
590
361
73
446
783
746
303
463
840
743
257
583
258
409
838
510
209
28
670
678
674
727
134
120
542
346
930
268
351
599
746
293
312
172
91
448
270
394
911
462
137
520
45
396
929
884
258
139
264
929
817
290
8
303
411
550
2
341
170
353
292
269
998
605
441
89
53
63
835
316
525
973
836
571
721
766
807
979
905
423
260
74
714
268
378
477
170
732
818
693
437
110
962
435
67
755
876
120
818
711
788
343
684
625
266
757
743
425
89
0
201
349
74
915
970
804
744
492
536
562
185
973
24
499
760
444
254
636
564
72
348
705
768
384
330
386
142
425
164
583
425
365
284
851
280
254
8
376
99
544
938
636
870
314
136
630
758
742
619
675
167
319
380
935
703
62
673
197
487
837
780
264
202
65
115
834
671
123
210
122
20
500
111
242
815
247
872
925
341
843
600
508
162
332
795
866
394
469
415
233
658
548
497
861
613
613
47
636
88
258
111
108
110
222
350
277
821
575
203
162
418
155
23
933
840
818
151
586
639
566
820
298
114
669
511
79
282
558
68
723
168
179
831
279
401
534
908
574
461
463
736
231
619
759
164
811
930
315
397
569
234
569
867
700
239
730
780
521
641
200
596
809
379
780
440
132
314
349
706
775
164
794
358
135
906
523
946
836
190
344
405
424
913
625
125
152
355
257
26
348
457
622
158
188
754
950
672
68
651
730
195
816
524
554
951
430
429
898
618
619
594
24
44
859
1
521
364
708
778
742
57
235
364
567
775
119
517
447
539
169
177
87
337
53
993
288
836
422
538
454
393
132
830
437
344
831
958
708
540
88
450
949
323
166
516
98
637
33
897
529
554
426
616
891
480
961
532
316
383
70
122
776
555
953
566
899
784
876
959
676
965
761
625
640
927
141
91
917
527
988
446
81
415
414
973
247
375
857
915
110
927
37
238
834
342
804
733
479
33
44
155
998
805
133
990
85
626
81
354
153
422
152
235
189
566
560
436
293
417
703
755
696
740
993
531
83
798
616
562
183
661
69
533
818
554
523
255
181
957
609
334
379
761
921
568
679
833
356
972
602
59
727
299
151
721
182
586
871
798
500
406
811
922
939
982
476
462
237
657
419
847
344
150
608
265
70
288
99
426
612
701
837
692
352
341
765
534
927
988
685
780
394
496
702
333
478
178
795
716
836
567
915
180
717
523
797
788
163
248
566
128
302
756
820
654
97
585
541
376
925
226
156
319
74
858
652
905
389
799
973
225
366
888
757
436
763
554
576
279
155
494
407
457
250
227
111
699
164
4
428
89
582
936
408
657
795
412
914
184
211
887
761
930
127
870
366
890
424
294
169
931
788
576
388
391
155
852
442
319
856
870
760
439
807
520
448
954
932
362
490
144
601
603
426
728
473
792
970
249
438
140
181
226
68
569
969
576
421
412
247
630
634
8
69
793
528
517
99
813
231
589
957
832
192
383
560
665
527
530
915
317
22
96
543
443
17
865
19
439
277
266
69
263
626
490
57
155
359
156
968
590
98
277
774
290
12
686
308
891
568
575
208
591
671
103
386
40
968
405
479
597
671
900
861
298
742
270
805
101
426
125
43
524
402
817
167
766
855
827
657
424
402
217
367
425
320
753
465
641
158
297
238
181
197
99
831
292
369
988
393
148
465
437
24
867
606
543
985
462
370
994
238
772
211
605
197
884
358
15
525
868
312
763
401
861
215
585
153
584
925
899
84
391
336
109
610
294
4
596
108
375
942
346
499
154
951
49
390
661
64
915
881
728
30
635
941
245
572
95
182
849
994
266
240
682
727
203
328
732
151
437
459
93
135
958
599
439
7
989
452
423
256
686
151
287
673
93
532
245
540
714
446
886
333
687
920
60
890
248
144
393
37
603
486
173
914
86
964
273
427
416
697
684
102
848
323
775
293
855
372
185
922
819
71
255
858
991
667
100
592
164
493
981
119
979
506
33
417
470
307
197
887
4
233
341
204
556
469
850
763
841
35
685
660
107
940
518
450
960
970
394
124
463
376
243
795
882
277
564
705
936
761
944
292
994
285
496
902
754
698
666
948
734
351
960
193
644
831
995
604
801
390
728
265
118
323
60
352
952
976
57
888
738
1
180
84
639
29
987
745
727
653
693
461
356
654
6
0
837
2
956
638
392
36
255
510
360
315
862
312
292
272
201
382
625
733
466
616
762
805
362
490
810
407
303
167
413
310
519
250
312
476
889
56
512
144
918
872
812
132
537
456
404
90
838
30
823
656
998
938
814
360
780
624
768
83
791
181
745
663
784
409
139
673
465
651
169
383
876
981
516
765
789
920
855
979
302
30
988
301
968
802
13
748
426
133
184
570
667
281
233
451
691
372
476
156
375
645
540
603
979
408
368
768
680
223
100
335
606
88
988
574
890
1
675
316
135
211
238
154
492
471
605
183
195
81
692
923
78
584
526
57
992
895
178
672
470
278
7
76
366
347
3
608
349
30
924
836
241
515
990
85
338
947
621
534
380
313
809
458
897
335
868
241
582
398
265
53
28
625
481
746
972
484
354
321
514
630
509
107
145
851
545
484
798
166
370
178
831
179
637
80
866
857
321
449
255
586
854
635
563
335
381
536
172
735
209
38
365
719
146
863
570
691
347
369
209
69
899
40
248
888
120
466
745
793
915
352
379
121
987
943
457
720
831
629
455
40
19
173
111
165
36
682
208
383
403
417
804
302
809
404
543
929
870
288
722
786
993
454
259
332
749
716
53
580
697
860
972
717
33
84
234
69
766
443
804
521
212
608
175
22
12
718
303
235
359
26
373
352
480
632
36
581
349
89
161
398
950
133
115
335
217
702
405
335
497
561
208
709
522
384
83
886
454
387
121
813
413
494
165
245
127
202
826
828
643
339
578
945
824
46
281
42
748
686
729
245
599
938
306
121
674
390
8
128
777
129
942
542
976
459
139
455
13
317
283
657
656
861
602
480
907
235
874
7
921
956
252
873
246
559
994
920
301
2
400
430
484
694
972
460
154
463
915
519
780
550
528
788
763
131
268
23
718
495
30
640
451
635
865
697
194
859
969
847
214
721
277
698
416
601
510
922
64
777
441
196
327
970
984
90
453
604
465
171
99
496
163
902
131
28
951
677
240
920
524
454
994
153
152
410
754
14
684
170
791
125
366
118
447
350
560
900
954
26
424
406
874
587
308
5
968
260
34
208
532
910
662
526
63
166
288
817
180
972
987
971
98
705
441
545
55
1
798
361
379
222
767
253
161
76
610
129
336
644
337
868
554
351
747
617
517
35
786
697
8
125
668
458
830
109
3
237
463
153
599
842
375
366
448
537
794
58
666
130
55
356
351
609
707
98
579
225
485
717
274
493
195
295
951
25
756
307
615
219
460
214
414
188
932
862
725
727
272
743
209
327
451
912
289
159
362
220
736
848
289
10
341
484
657
645
862
414
952
477
633
764
43
47
952
975
261
29
54
886
773
264
213
576
176
854
87
891
426
823
739
716
186
80
552
843
77
414
257
29
891
243
794
286
642
98
262
256
128
668
142
901
932
707
829
461
562
917
704
340
740
443
56
278
875
961
474
953
375
83
334
619
326
480
905
969
579
519
577
707
188
719
960
472
426
789
285
340
706
989
681
799
432
89
77
660
50
903
613
778
987
947
397
313
428
654
634
7
174
211
66
714
282
26
186
709
815
824
401
522
813
434
321
598
876
750
258
278
654
223
56
641
170
805
306
950
460
293
309
986
856
375
52
139
401
238
200
217
414
601
91
580
388
412
178
264
514
788
542
168
11
951
161
533
108
468
836
920
113
497
258
969
873
310
108
626
549
308
195
315
262
286
895
650
50
73
266
565
213
808
85
576
111
247
462
572
67
298
492
180
147
751
149
20
61
258
647
962
918
842
278
180
481
173
182
531
599
448
96
812
609
534
741
720
781
203
292
200
853
137
380
0
888
881
373
301
139
372
264
410
566
542
590
47
67
773
579
666
221
27
831
830
913
924
903
694
479
547
894
332
684
626
684
924
508
57
226
999
781
490
409
348
384
352
395
451
477
326
470
50
706
653
233
619
577
136
666
56
35
912
740
720
539
424
644
399
834
870
398
615
712
808
315
96
512
63
900
989
389
722
39
447
727
272
419
656
408
85
64
796
349
804
516
888
580
512
287
766
735
38
734
799
846
49
248
710
112
148
699
854
222
738
301
949
11
72
605
771
509
669
567
859
825
435
99
757
300
739
524
35
777
258
186
975
659
434
685
772
934
384
626
156
474
279
457
837
704
414
961
213
435
880
72
260
316
524
18
968
263
894
355
392
504
541
367
163
976
404
935
910
140
913
419
614
545
876
804
601
643
765
814
78
645
239
691
961
763
61
281
26
955
636
770
459
178
137
974
154
893
262
416
33
527
835
999
424
64
803
25
707
568
840
137
214
79
180
527
842
241
809
220
548
445
990
359
623
479
334
129
372
596
546
757
123
733
756
548
149
560
573
208
480
765
346
694
844
526
574
38
120
383
610
668
180
952
28
156
431
362
285
155
958
183
264
433
269
21
333
418
933
907
979
413
672
325
460
869
203
34
907
323
769
870
344
301
822
372
457
606
734
95
113
44
630
378
829
899
399
163
670
684
422
649
97
94
326
909
315
881
295
575
205
416
445
901
718
619
273
527
225
359
622
339
755
253
717
584
504
468
747
526
152
169
527
601
616
205
863
283
87
158
858
644
575
655
545
645
275
818
172
500
177
147
191
932
400
260
868
256
728
968
135
232
489
662
186
105
868
49
741
307
207
599
951
134
255
496
131
530
666
304
382
843
451
926
127
203
186
347
811
267
315
946
499
805
961
37
262
181
86
3
488
646
603
791
132
210
287
264
92
953
568
826
148
371
752
627
574
939
974
737
206
642
684
57
447
997
447
61
178
533
65
18
179
20
809
312
582
448
928
674
753
496
500
253
867
253
880
793
544
206
530
102
848
566
159
647
563
606
709
93
492
126
463
23
146
624
687
728
72
615
754
177
111
254
430
330
859
310
475
403
869
358
505
69
924
17
69
840
975
778
285
467
256
749
843
754
373
530
482
798
146
588
975
609
194
406
292
54
68
767
809
937
125
667
359
402
684
428
242
11
558
527
831
814
628
674
568
354
204
402
504
350
990
479
312
536
237
604
590
658
371
752
595
849
419
954
251
455
734
845
466
292
724
297
106
705
323
26
59
528
428
563
230
770
394
542
307
984
498
249
642
222
1
589
71
772
544
674
227
630
871
694
923
595
343
29
300
667
56
711
547
836
626
129
607
21
672
266
357
522
515
999
744
869
588
167
641
484
841
869
115
64
915
38
660
610
419
312
277
827
376
176
16
2
306
623
375
330
241
732
852
756
83
597
625
672
116
267
156
958
488
623
374
403
661
34
13
433
699
643
612
427
819
628
429
477
251
157
807
844
241
12
601
325
961
578
997
77
845
505
35
685
129
410
88
142
796
454
575
847
97
188
274
268
816
56
98
420
565
905
264
806
917
217
131
878
796
128
308
993
634
343
679
115
105
119
257
254
573
185
453
22
373
80
643
541
488
741
313
53
998
930
859
268
499
343
498
647
471
806
641
457
502
672
572
959
791
182
565
717
367
19
91
92
451
734
985
939
475
651
344
826
581
555
94
432
898
592
80
370
399
73
179
253
745
104
212
888
286
778
605
653
149
49
97
600
783
82
891
611
733
235
437
314
790
531
99
41
475
179
411
226
252
942
479
997
46
692
237
684
470
195
337
619
244
434
571
27
869
462
990
602
49
427
269
839
310
368
880
786
547
643
12
151
938
492
500
336
184
737
21
6
932
710
977
528
145
548
556
366
10
546
968
411
326
237
250
636
605
483
422
504
478
787
655
768
279
155
105
815
893
126
173
177
836
502
706
333
50
614
699
412
512
668
823
838
257
425
827
863
260
249
719
91
388
375
859
19
882
964
186
127
90
359
657
279
861
363
612
263
329
312
27
841
332
850
680
589
628
507
804
888
108
524
979
849
251
191
868
133
155
55
613
598
414
270
877
628
633
489
243
314
153
271
155
485
473
187
427
101
46
231
342
507
755
673
356
358
864
224
492
20
279
457
970
46
727
847
26
712
688
269
26
194
892
181
679
366
721
458
467
767
690
809
274
797
483
982
156
699
207
0
71
838
457
41
236
536
240
614
248
929
884
274
123
776
807
154
142
528
613
962
648
655
123
274
452
606
257
960
658
816
312
729
6
769
771
243
305
11
857
905
292
93
531
767
222
339
274
716
219
239
678
219
894
802
846
698
760
455
659
418
271
971
500
629
93
271
224
750
634
434
8
927
527
539
46
101
230
320
818
802
559
848
21
453
2
867
504
115
322
515
885
945
838
385
575
931
8
151
34
643
585
42
922
465
933
968
566
164
289
736
318
200
585
339
6
939
559
510
406
233
25
292
531
863
677
458
147
686
609
533
681
195
927
603
660
860
923
578
376
564
315
694
765
252
386
771
543
945
281
950
530
658
242
61
521
271
519
20
309
129
553
990
676
480
593
688
693
869
266
69
433
933
764
550
185
502
321
729
799
954
31
329
612
273
391
486
896
262
506
206
743
412
196
419
244
142
107
937
11
726
7
796
659
123
347
845
977
668
926
776
975
957
105
587
582
848
425
478
111
284
684
206
696
233
626
940
375
85
878
738
163
237
534
823
712
233
20
689
254
298
465
229
607
922
168
189
771
594
19
234
878
56
440
926
289
418
218
16
856
96
754
19
685
640
842
749
226
214
790
480
512
607
61
119
530
229
660
301
175
680
887
405
736
679
331
25
98
550
41
306
998
147
325
36
139
520
137
365
734
928
845
599
535
906
718
417
488
379
70
663
411
957
421
147
637
104
524
87
6
917
393
357
64
70
745
203
590
882
921
677
162
766
276
50
25
346
467
865
77
538
880
488
847
301
987
484
758
511
923
764
428
316
121
844
387
218
400
329
101
321
6
615
439
634
665
816
333
133
681
762
23
562
603
870
215
590
707
973
454
982
90
234
299
563
79
38
782
479
719
235
152
78
850
591
712
516
408
397
1
441
160
376
355
763
598
571
705
657
896
159
640
986
746
291
550
825
681
332
656
400
567
160
478
769
751
543
637
511
940
990
305
452
366
660
567
965
231
273
622
480
784
614
466
530
905
16
707
586
700
715
987
619
875
465
389
979
360
378
842
301
369
147
753
735
808
673
52
391
946
27
871
82
641
690
613
547
706
672
133
759
388
472
378
615
290
119
594
650
498
437
303
867
936
409
954
744
82
7
488
28
34
711
110
27
401
75
574
460
100
60
571
488
884
301
103
174
421
50
177
271
487
480
490
423
241
444
520
323
803
360
703
189
71
166
217
825
593
143
285
693
203
208
181
440
509
637
966
930
687
143
553
526
976
43
301
217
840
173
541
643
533
596
185
957
762
402
782
708
545
419
401
101
627
935
893
136
572
859
419
611
3
972
489
331
368
790
548
208
964
441
203
849
38
388
806
152
142
588
212
688
7
614
141
986
549
34
123
473
245
542
84
248
866
573
579
586
715
480
794
31
921
350
881
311
738
687
816
881
628
380
921
987
994
414
974
543
800
449
368
45
343
452
646
209
377
577
796
445
57
942
476
331
292
709
994
383
749
162
616
377
543
889
716
889
303
690
785
455
139
153
500
834
958
498
396
687
76
192
132
485
486
961
168
131
670
163
514
771
677
482
500
572
371
217
462
26
907
247
481
399
400
333
233
358
832
981
46
260
525
530
745
12
491
914
495
514
429
9
285
106
843
786
31
214
355
493
592
614
740
73
13
492
758
599
851
590
580
249
850
106
779
948
470
623
862
965
489
291
326
774
749
169
912
780
735
267
625
327
882
365
752
247
210
510
198
413
453
131
662
655
589
793
603
59
768
817
376
257
108
54
384
210
223
648
342
310
268
968
989
502
685
93
749
895
955
300
660
760
783
322
416
372
468
371
783
236
189
159
846
649
213
230
859
788
878
554
450
146
522
791
648
559
884
750
807
191
402
467
952
185
142
368
557
962
739
340
550
928
851
396
930
416
626
789
556
857
343
6
3
217
797
4
129
33
754
288
224
156
755
176
693
249
896
250
211
988
942
114
268
145
510
198
561
137
340
469
994
35
827
349
605
976
353
734
9
459
22
585
967
129
114
660
379
10
262
942
350
556
56
619
701
919
169
614
408
509
83
754
545
262
103
502
238
809
236
247
620
610
185
940
739
299
600
470
661
215
765
12
771
173
983
825
92
152
791
500
14
227
254
911
489
358
413
728
519
1
975
139
611
512
79
702
811
32
173
473
599
938
837
722
111
820
547
556
324
691
56
690
918
311
601
407
21
366
135
892
367
463
31
978
975
463
681
787
847
206
612
798
496
449
520
959
621
420
515
945
111
572
636
29
235
589
436
256
308
924
148
675
387
531
6
714
346
39
853
545
597
465
343
93
266
864
52
887
636
568
185
747
492
173
128
727
762
916
335
70
192
483
98
579
366
456
646
713
495
499
258
92
317
602
185
583
818
589
471
806
509
656
553
1
829
33
80
943
301
415
366
494
250
816
425
617
272
71
330
767
923
940
211
240
894
748
823
712
337
646
518
199
654
423
200
835
808
281
779
110
48
497
956
299
313
381
916
585
453
598
704
728
538
915
968
433
15
143
497
704
790
368
903
444
143
104
280
952
737
411
414
785
260
370
436
573
751
352
510
556
950
566
284
841
833
252
274
848
396
123
552
538
491
456
334
635
912
614
939
1
377
353
138
637
723
575
562
474
927
424
383
230
990
667
71
175
272
697
23
20
172
928
558
664
384
892
651
648
859
590
649
588
295
787
578
18
714
140
844
642
917
227
224
259
247
295
435
519
344
810
539
516
738
449
532
474
693
535
122
904
477
123
493
772
263
71
790
977
563
987
971
832
566
195
92
813
842
527
684
538
337
575
55
428
376
939
902
70
475
377
974
952
500
819
77
115
242
867
93
158
206
64
990
773
612
434
938
454
313
975
345
3
550
400
431
927
691
333
349
518
62
675
823
563
495
900
30
89
119
123
247
326
540
238
451
504
24
741
310
338
716
655
341
619
407
772
546
99
457
247
617
520
922
792
435
769
692
465
859
164
941
106
490
481
696
293
337
721
34
647
59
103
303
400
722
710
524
620
809
981
867
779
501
141
923
936
911
616
754
122
780
695
228
622
528
277
267
865
998
653
512
409
756
167
809
478
878
333
450
39
666
317
170
168
811
94
456
74
710
210
196
842
257
424
816
785
53
83
2
51
736
867
460
493
34
621
323
264
306
774
304
973
443
474
493
254
568
949
328
630
512
524
472
769
301
288
907
354
371
261
758
460
128
570
953
515
544
276
779
850
402
83
823
846
910
668
100
478
618
781
109
130
657
933
251
958
574
510
665
297
772
775
757
252
345
62
767
889
691
899
92
93
334
267
939
244
936
392
75
906
173
536
36
830
469
639
141
395
150
158
693
274
933
802
526
630
865
646
872
556
897
964
1
231
583
941
828
519
685
903
425
210
439
813
392
260
805
885
8
307
43
701
581
328
503
459
959
720
457
831
276
354
147
278
938
82
571
766
954
608
669
731
818
460
545
562
72
702
448
80
9
491
133
590
820
637
401
131
357
859
314
986
213
813
616
151
895
539
917
849
499
938
581
669
750
478
231
175
180
679
255
189
523
741
131
343
378
532
826
87
391
140
425
957
953
393
108
200
932
378
50
783
668
983
452
771
461
684
946
993
715
553
182
238
294
665
933
24
197
759
464
589
251
889
546
204
635
6
405
919
736
807
703
405
142
155
528
603
839
474
948
907
27
482
145
674
147
79
698
344
190
162
285
442
404
831
998
39
190
755
958
926
562
661
683
56
169
211
11
360
37
959
267
417
441
413
91
588
844
141
933
34
656
218
828
60
402
827
451
944
582
409
870
497
423
906
553
592
469
565
304
507
524
572
924
318
337
367
906
181
860
191
567
516
762
748
576
164
575
379
108
509
141
330
358
564
588
264
508
58
829
164
565
705
736
841
375
425
560
282
958
420
473
526
937
235
626
865
751
553
245
211
62
738
894
773
654
482
37
514
540
866
678
457
923
415
650
299
192
210
933
151
983
758
29
920
346
655
137
97
208
734
661
270
472
555
395
126
37
432
640
930
650
319
387
574
86
38
225
278
600
158
429
583
268
458
855
614
465
345
64
673
79
725
296
904
280
691
30
669
124
23
599
774
694
339
700
780
377
277
410
329
435
192
913
56
2
120
670
468
465
734
141
897
811
789
801
443
481
183
113
957
206
64
83
900
403
784
32
780
61
795
462
849
987
727
905
341
847
927
809
665
662
303
562
473
444
715
917
277
898
382
234
457
446
318
709
850
454
742
982
515
889
444
716
228
523
973
569
371
901
731
388
915
34
950
740
830
17
9
108
267
391
342
724
190
12
434
392
466
528
374
334
417
171
50
997
694
24
566
417
277
297
805
192
683
107
932
514
476
294
622
744
685
964
820
227
329
606
619
795
134
346
129
903
869
180
900
915
556
819
333
833
116
490
377
800
950
309
666
426
603
288
170
641
604
991
868
933
597
840
729
84
186
210
339
55
390
592
322
298
411
7
131
527
498
508
679
800
170
345
226
125
985
749
118
590
92
987
875
689
179
956
125
365
167
465
772
909
409
94
208
820
454
339
699
952
200
731
752
722
428
330
847
414
79
966
356
171
305
231
213
484
188
690
201
707
507
325
616
916
771
824
88
225
516
788
177
716
519
281
790
299
964
637
713
395
955
69
567
260
653
132
96
193
822
649
900
330
974
516
246
746
341
687
971
857
475
501
925
346
782
715
645
98
704
711
494
660
132
413
272
785
545
721
978
719
370
878
49
345
747
648
91
88
335
414
297
162
915
574
860
50
289
857
148
993
568
994
5
701
407
278
486
952
351
817
24
721
47
425
418
794
425
861
234
112
276
883
274
191
457
486
593
746
344
742
92
912
736
449
965
496
79
452
800
430
621
824
152
20
250
570
167
675
432
401
788
60
637
414
251
94
901
845
193
245
939
637
509
27
86
475
523
166
279
324
596
900
500
100
272
750
23
439
778
807
841
918
867
478
332
470
924
585
667
117
182
606
754
692
986
193
519
509
359
798
185
307
50
686
760
322
788
783
762
566
942
955
484
809
785
169
631
709
754
299
179
289
257
285
981
243
478
500
105
189
650
290
497
700
328
609
374
117
744
136
35
686
443
872
847
228
41
478
290
