1000
799
623
336
719
152
255
472
11
73
136
199
489
107
86
852
512
229
389
264
486
826
719
792
299
315
189
724
200
729
62
774
529
685
462
600
189
69
424
201
142
560
752
983
19
839
836
883
420
577
147
907
755
867
51
54
182
240
131
382
969
193
508
850
231
322
802
420
391
226
973
885
787
726
869
158
917
57
42
337
634
189
596
390
408
647
796
943
239
927
677
561
473
186
411
704
860
214
124
252
440
98
137
579
176
6
90
445
415
132
782
50
673
731
792
82
378
940
377
970
868
54
531
341
592
294
45
453
508
521
705
301
971
842
232
147
201
322
592
616
806
727
18
480
458
162
914
188
103
291
158
971
697
689
664
290
336
61
743
196
582
800
497
554
642
82
53
195
756
998
164
915
77
182
395
535
697
661
723
800
304
234
123
1
275
787
291
611
848
386
808
782
186
657
688
181
91
94
728
848
92
892
763
169
427
510
56
124
523
131
924
827
365
47
180
641
186
824
252
386
210
412
520
749
70
209
930
161
303
10
361
747
903
476
268
682
986
676
158
509
807
434
688
525
833
869
166
19
693
770
757
903
535
277
4
605
486
934
118
141
297
480
240
200
956
860
234
295
536
392
804
696
826
493
221
659
714
739
30
407
861
787
662
396
64
667
353
903
953
472
396
250
304
989
802
260
201
36
555
738
780
712
786
606
557
359
617
623
450
647
30
311
786
692
60
203
711
413
458
665
237
854
267
541
195
70
154
397
458
61
487
239
773
625
197
682
984
815
305
434
814
687
97
953
732
157
156
443
923
966
460
160
172
728
54
368
798
208
765
256
269
604
847
395
229
45
429
213
212
735
999
378
774
448
683
506
958
839
950
881
805
410
393
978
490
447
698
288
7
815
897
277
419
96
672
0
493
453
565
705
188
564
436
963
12
119
821
970
311
771
203
468
534
949
446
24
396
496
665
756
311
914
33
82
10
57
82
504
510
647
561
51
563
997
366
928
469
187
898
780
311
454
248
197
403
47
221
151
543
238
907
207
152
292
289
163
349
372
19
212
371
580
615
935
930
981
863
751
520
113
531
831
567
779
28
322
178
602
826
74
840
733
281
993
378
570
508
79
294
879
291
666
811
906
953
93
239
816
844
760
929
375
943
849
507
972
523
37
926
349
111
766
435
392
111
813
315
971
892
961
202
536
979
14
794
932
107
34
748
304
146
30
679
89
231
538
413
754
576
339
104
39
458
891
432
921
56
99
893
948
412
95
836
392
461
631
324
569
17
425
225
163
807
904
604
38
795
18
144
371
709
600
410
167
491
194
89
547
645
334
848
58
781
36
450
243
667
126
164
36
903
389
551
62
645
156
452
440
526
597
163
235
549
926
403
41
120
844
940
118
178
140
176
311
177
978
554
196
456
718
233
712
459
136
774
105
292
579
545
818
528
61
54
77
987
809
118
459
5
411
577
535
551
105
846
728
83
753
277
892
823
510
604
283
646
730
388
291
309
285
461
837
698
515
915
685
676
385
145
33
148
722
568
700
828
415
780
263
168
57
155
343
919
111
626
918
842
366
209
503
4
670
693
702
538
960
388
566
345
885
600
846
607
168
546
787
935
678
403
455
736
910
799
655
22
777
573
216
144
134
71
148
157
764
202
47
724
590
613
422
475
213
268
435
734
166
574
21
844
329
829
580
240
980
588
614
757
513
182
253
0
253
401
157
18
956
204
94
546
169
516
374
735
136
161
821
302
87
842
499
417
23
431
9
3
19
623
113
885
157
366
237
410
120
394
780
76
950
875
974
119
743
348
206
232
861
27
534
301
222
385
70
245
817
79
249
188
54
362
73
211
728
662
973
848
56
754
276
358
981
251
830
724
951
36
956
813
416
843
466
638
228
536
883
397
967
484
586
373
846
11
584
927
674
909
127
82
663
404
441
644
655
623
721
958
11
29
771
427
872
589
65
453
125
949
850
92
433
788
465
632
800
401
911
474
311
390
556
326
146
349
971
153
972
44
112
336
73
235
763
298
825
181
103
950
130
953
395
915
742
212
899
894
966
162
368
629
553
276
955
699
626
278
853
950
322
317
286
748
552
402
46
377
583
149
680
65
454
75
332
548
639
232
442
605
394
810
234
299
439
190
999
65
820
204
367
143
521
6
891
73
408
289
803
343
438
483
408
244
558
740
793
549
324
235
155
71
398
389
370
837
931
721
254
752
925
621
247
798
979
490
224
739
779
27
82
217
862
842
461
772
935
606
321
259
194
476
330
592
218
53
