12 3.000000 215.000000 1167.000000 67.000000 1.000000 1453.000000
12 2.000000 161.000000 1296.000000 66.000000 1.000000 1526.000000
12 2.000000 170.000000 389.000000 67.000000 1.000000 629.000000
12 2.000000 174.000000 1153.000000 64.000000 1.000000 1394.000000
12 2.000000 180.000000 3358.000000 65.000000 1.000000 3606.000000
12 3.000000 174.000000 402.000000 65.000000 1.000000 645.000000
12 2.000000 163.000000 385.000000 61.000000 1.000000 612.000000
12 4.000000 176.000000 1842.000000 66.000000 1.000000 2089.000000
12 2.000000 163.000000 4415.000000 68.000000 1.000000 4649.000000
12 4.000000 185.000000 421.000000 63.000000 1.000000 674.000000
12 4.000000 201.000000 535.000000 68.000000 2.000000 810.000000
12 3.000000 172.000000 395.000000 64.000000 1.000000 635.000000
12 2.000000 166.000000 483.000000 67.000000 1.000000 719.000000
12 2.000000 172.000000 7583.000000 69.000000 1.000000 7827.000000
12 2.000000 177.000000 404.000000 70.000000 1.000000 654.000000
12 4.000000 201.000000 633.000000 73.000000 1.000000 912.000000
12 3.000000 166.000000 1739.000000 66.000000 1.000000 1975.000000
12 2.000000 148.000000 2589.000000 71.000000 1.000000 2811.000000
12 3.000000 192.000000 416.000000 66.000000 1.000000 678.000000
12 2.000000 165.000000 5884.000000 71.000000 1.000000 6123.000000
12 2.000000 169.000000 735.000000 68.000000 1.000000 975.000000
12 3.000000 165.000000 896.000000 70.000000 98.000000 1232.000000
12 3.000000 165.000000 402.000000 66.000000 1.000000 637.000000
12 4.000000 201.000000 909.000000 70.000000 1.000000 1185.000000
12 4.000000 196.000000 913.000000 62.000000 1.000000 1176.000000
12 2.000000 196.000000 4514.000000 70.000000 2.000000 4784.000000
12 2.000000 169.000000 7842.000000 68.000000 1.000000 8082.000000
12 2.000000 167.000000 418.000000 62.000000 1.000000 650.000000
12 3.000000 175.000000 3392.000000 67.000000 1.000000 3638.000000
12 2.000000 164.000000 978.000000 61.000000 1.000000 1206.000000
12 2.000000 172.000000 5201.000000 70.000000 1.000000 5446.000000
12 2.000000 173.000000 8534.000000 268.000000 1.000000 8978.000000
12 2.000000 150.000000 371.000000 64.000000 1.000000 588.000000
12 3.000000 194.000000 459.000000 67.000000 1.000000 724.000000
12 2.000000 151.000000 371.000000 60.000000 1.000000 585.000000
12 4.000000 181.000000 1878.000000 63.000000 1.000000 2127.000000
12 2.000000 175.000000 1648.000000 62.000000 1.000000 1888.000000
12 4.000000 180.000000 4016.000000 76.000000 1.000000 4277.000000
12 2.000000 162.000000 413.000000 66.000000 1.000000 644.000000
12 3.000000 177.000000 6603.000000 68.000000 1.000000 6852.000000
12 2.000000 162.000000 406.000000 67.000000 1.000000 638.000000
12 2.000000 173.000000 443.000000 67.000000 1.000000 686.000000
12 5.000000 238.000000 3376.000000 110.000000 2.000000 3731.000000
12 2.000000 159.000000 1641.000000 71.000000 1.000000 1874.000000
12 4.000000 189.000000 3547.000000 69.000000 2.000000 3811.000000
12 3.000000 199.000000 7216.000000 69.000000 2.000000 7489.000000
12 4.000000 202.000000 3659.000000 63.000000 1.000000 3929.000000
12 2.000000 178.000000 1212.000000 70.000000 1.000000 1463.000000
12 2.000000 163.000000 4720.000000 70.000000 1.000000 4956.000000
12 2.000000 166.000000 444.000000 65.000000 1.000000 678.000000
12 3.000000 153.000000 390.000000 61.000000 1.000000 608.000000
12 2.000000 164.000000 3340.000000 71.000000 2.000000 3579.000000
12 2.000000 752.000000 72.000000 67.000000 2.000000 895.000000
12 3.000000 589.000000 3411.000000 61.000000 1.000000 4065.000000
12 3.000000 200.000000 560.000000 63.000000 0.000000 826.000000
12 2.000000 164.000000 391.000000 69.000000 1.000000 627.000000
12 2.000000 262.000000 458.000000 64.000000 1.000000 787.000000
12 2.000000 173.000000 398.000000 63.000000 1.000000 637.000000
12 2.000000 155.000000 407.000000 64.000000 1.000000 629.000000
12 2.000000 153.000000 402.000000 64.000000 1.000000 622.000000
12 2.000000 165.000000 381.000000 66.000000 1.000000 615.000000
12 2.000000 160.000000 386.000000 67.000000 1.000000 616.000000
12 2.000000 166.000000 391.000000 63.000000 1.000000 623.000000
12 2.000000 147.000000 357.000000 60.000000 1.000000 567.000000
12 2.000000 162.000000 393.000000 63.000000 0.000000 620.000000
12 2.000000 156.000000 7869.000000 65.000000 1.000000 8093.000000
12 2.000000 910.000000 241.000000 63.000000 1.000000 1217.000000
12 3.000000 161.000000 407.000000 68.000000 1.000000 640.000000
12 2.000000 162.000000 403.000000 65.000000 1.000000 633.000000
12 2.000000 172.000000 409.000000 69.000000 1.000000 653.000000
12 2.000000 148.000000 361.000000 62.000000 1.000000 574.000000
12 2.000000 167.000000 412.000000 66.000000 1.000000 648.000000
12 2.000000 146.000000 357.000000 59.000000 1.000000 565.000000
12 2.000000 159.000000 398.000000 69.000000 1.000000 629.000000
12 2.000000 161.000000 375.000000 66.000000 1.000000 605.000000
12 2.000000 919.000000 1246.000000 73.000000 1.000000 2241.000000
12 2.000000 155.000000 375.000000 65.000000 1.000000 598.000000
12 2.000000 156.000000 377.000000 63.000000 1.000000 599.000000
12 2.000000 169.000000 726.000000 66.000000 0.000000 963.000000
12 3.000000 185.000000 333.000000 62.000000 1.000000 584.000000
12 3.000000 164.000000 383.000000 63.000000 1.000000 614.000000
12 3.000000 174.000000 395.000000 61.000000 1.000000 634.000000
12 2.000000 870.000000 1687.000000 63.000000 1.000000 2623.000000
12 3.000000 167.000000 406.000000 68.000000 1.000000 645.000000
12 2.000000 167.000000 938.000000 66.000000 1.000000 1174.000000
12 3.000000 803.000000 1083.000000 64.000000 1.000000 1954.000000
12 2.000000 159.000000 381.000000 66.000000 1.000000 609.000000
12 3.000000 165.000000 432.000000 70.000000 1.000000 671.000000
12 3.000000 165.000000 418.000000 66.000000 1.000000 653.000000
12 2.000000 149.000000 414.000000 62.000000 1.000000 628.000000
12 1.000000 165.000000 435.000000 67.000000 1.000000 669.000000
12 2.000000 182.000000 19075.000000 66.000000 1.000000 19326.000000
12 2.000000 171.000000 1399.000000 67.000000 1.000000 1640.000000
12 3.000000 159.000000 399.000000 67.000000 0.000000 628.000000
12 3.000000 175.000000 430.000000 67.000000 1.000000 676.000000
12 2.000000 217.000000 388.000000 64.000000 1.000000 672.000000
12 4.000000 209.000000 7321.000000 67.000000 1.000000 7602.000000
12 3.000000 196.000000 2563.000000 67.000000 1.000000 2830.000000
12 2.000000 159.000000 393.000000 63.000000 1.000000 618.000000
12 4.000000 181.000000 623.000000 61.000000 1.000000 870.000000
