4 1.000000 77.000000 2869.000000 220.000000 1.000000 3168.000000
4 1.000000 79.000000 3321.000000 223.000000 1.000000 3625.000000
4 1.000000 71.000000 4943.000000 233.000000 2.000000 5250.000000
4 1.000000 87.000000 1566.000000 241.000000 1.000000 1896.000000
4 1.000000 81.000000 1244.000000 224.000000 1.000000 1551.000000
4 2.000000 85.000000 3057.000000 1201.000000 2.000000 4347.000000
4 1.000000 97.000000 3778.000000 223.000000 1.000000 4100.000000
4 1.000000 65.000000 3426.000000 224.000000 1.000000 3717.000000
4 1.000000 98.000000 1870.000000 226.000000 1.000000 2196.000000
4 1.000000 90.000000 4117.000000 242.000000 2.000000 4452.000000
4 1.000000 76.000000 1351.000000 226.000000 1.000000 1655.000000
4 1.000000 78.000000 2140.000000 217.000000 1.000000 2437.000000
4 1.000000 79.000000 4555.000000 233.000000 2.000000 4870.000000
4 1.000000 75.000000 3579.000000 240.000000 1.000000 3896.000000
4 1.000000 71.000000 2577.000000 232.000000 1.000000 2882.000000
4 1.000000 86.000000 3385.000000 237.000000 2.000000 3711.000000
4 1.000000 97.000000 2707.000000 232.000000 1.000000 3038.000000
4 1.000000 79.000000 6576.000000 232.000000 1.000000 6889.000000
4 0.000000 83.000000 2435.000000 231.000000 2.000000 2751.000000
4 1.000000 88.000000 3145.000000 218.000000 1.000000 3453.000000
4 1.000000 79.000000 1548.000000 262.000000 2.000000 1892.000000
4 1.000000 75.000000 1499.000000 234.000000 1.000000 1810.000000
4 2.000000 100.000000 1520.000000 229.000000 1.000000 1852.000000
4 1.000000 77.000000 2799.000000 237.000000 1.000000 3115.000000
4 1.000000 96.000000 5008.000000 232.000000 2.000000 5339.000000
4 0.000000 61.000000 13122.000000 225.000000 1.000000 13409.000000
4 1.000000 76.000000 2709.000000 242.000000 2.000000 3030.000000
4 1.000000 83.000000 8042.000000 239.000000 1.000000 8366.000000
4 1.000000 89.000000 5821.000000 226.000000 1.000000 6138.000000
4 1.000000 67.000000 1778.000000 222.000000 2.000000 2070.000000
4 1.000000 90.000000 2542.000000 228.000000 1.000000 2862.000000
4 1.000000 2226.000000 2094.000000 221.000000 1.000000 4543.000000
4 2.000000 106.000000 2244.000000 219.000000 1.000000 2572.000000
4 1.000000 68.000000 1467.000000 236.000000 1.000000 1773.000000
4 1.000000 2148.000000 2024.000000 230.000000 2.000000 4405.000000
4 1.000000 82.000000 9079.000000 227.000000 2.000000 9391.000000
4 1.000000 83.000000 1490.000000 237.000000 1.000000 1812.000000
4 1.000000 76.000000 3767.000000 227.000000 2.000000 4073.000000
4 1.000000 87.000000 1403.000000 242.000000 2.000000 1735.000000
4 0.000000 68.000000 1472.000000 242.000000 2.000000 1784.000000
4 0.000000 66.000000 1463.000000 214.000000 1.000000 1744.000000
4 1.000000 70.000000 2506.000000 263.000000 1.000000 2841.000000
4 1.000000 79.000000 1559.000000 250.000000 3.000000 1892.000000
4 1.000000 82.000000 1754.000000 222.000000 1.000000 2060.000000
4 1.000000 82.000000 1272.000000 206.000000 2.000000 1563.000000
4 1.000000 78.000000 1551.000000 226.000000 2.000000 1858.000000
4 1.000000 77.000000 1791.000000 240.000000 1.000000 2110.000000
4 1.000000 78.000000 1516.000000 266.000000 1.000000 1862.000000
4 1.000000 74.000000 1092.000000 219.000000 2.000000 1388.000000
4 1.000000 79.000000 1441.000000 216.000000 1.000000 1738.000000
4 0.000000 65.000000 1471.000000 237.000000 1.000000 1774.000000
4 1.000000 113.000000 4965.000000 188.000000 1.000000 5268.000000
4 1.000000 87.000000 1260.000000 216.000000 2.000000 1566.000000
4 1.000000 64.000000 1648.000000 229.000000 1.000000 1943.000000
4 1.000000 74.000000 1287.000000 221.000000 2.000000 1585.000000
4 1.000000 233.000000 807.000000 201.000000 1.000000 1243.000000
4 1.000000 74.000000 1409.000000 243.000000 1.000000 1728.000000
4 2.000000 81.000000 1578.000000 241.000000 1.000000 1903.000000
4 0.000000 73.000000 885.000000 188.000000 1.000000 1147.000000
4 1.000000 64.000000 1438.000000 226.000000 1.000000 1730.000000
4 0.000000 176.000000 1139.000000 227.000000 2.000000 1544.000000
4 1.000000 73.000000 1464.000000 231.000000 2.000000 1771.000000
4 1.000000 90.000000 5538.000000 232.000000 1.000000 5862.000000
4 1.000000 1039.000000 2988.000000 274.000000 2.000000 4304.000000
4 1.000000 71.000000 1446.000000 222.000000 1.000000 1741.000000
4 1.000000 89.000000 24362.000000 227.000000 3.000000 24682.000000
4 2.000000 146.000000 3578.000000 224.000000 2.000000 3952.000000
4 1.000000 89.000000 -991529.000000 216.000000 1.000000 -991222.000000
4 1.000000 109.000000 8779.000000 227.000000 1.000000 9117.000000
4 1.000000 108.000000 1595.000000 226.000000 2.000000 1932.000000
4 0.000000 70.000000 1561.000000 231.000000 2.000000 1864.000000
4 1.000000 162.000000 1427.000000 225.000000 2.000000 1817.000000
4 1.000000 122.000000 1261.000000 228.000000 1.000000 1613.000000
4 1.000000 594.000000 762.000000 198.000000 1.000000 1556.000000
4 1.000000 215.000000 1795.000000 246.000000 3.000000 2260.000000
4 1.000000 75.000000 4017.000000 247.000000 2.000000 4342.000000
4 1.000000 73.000000 6777.000000 360.000000 1.000000 7212.000000
4 1.000000 123.000000 3128.000000 240.000000 3.000000 3495.000000
4 1.000000 250.000000 852.000000 190.000000 1.000000 1294.000000
4 1.000000 457.000000 435.000000 204.000000 1.000000 1098.000000
4 0.000000 96.000000 803.000000 201.000000 0.000000 1100.000000
4 1.000000 94.000000 1540.000000 240.000000 1.000000 1876.000000
4 0.000000 107.000000 753.000000 198.000000 1.000000 1059.000000
4 1.000000 124.000000 754.000000 184.000000 1.000000 1064.000000
4 1.000000 447.000000 1031.000000 216.000000 2.000000 1697.000000
4 1.000000 196.000000 1065.000000 223.000000 1.000000 1486.000000
4 1.000000 103.000000 743.000000 192.000000 1.000000 1040.000000
4 1.000000 130.000000 788.000000 212.000000 1.000000 1132.000000
4 0.000000 202.000000 679.000000 199.000000 0.000000 1080.000000
4 1.000000 75.000000 1089.000000 216.000000 1.000000 1382.000000
4 3.000000 115.000000 1504.000000 226.000000 2.000000 1850.000000
4 2.000000 110.000000 2245.000000 234.000000 2.000000 2593.000000
4 0.000000 81.000000 4811.000000 210.000000 2.000000 5104.000000
4 2.000000 4970.000000 2095.000000 203.000000 2.000000 7272.000000
4 1.000000 93.000000 4468.000000 212.000000 2.000000 4776.000000
4 1.000000 533.000000 899.000000 194.000000 1.000000 1628.000000
4 1.000000 157.000000 830.000000 194.000000 1.000000 1183.000000
4 1.000000 569.000000 839.000000 217.000000 1.000000 1627.000000
4 1.000000 417.000000 1464.000000 236.000000 2.000000 2120.000000
4 0.000000 82.000000 1225.000000 184.000000 1.000000 1492.000000
