7 2.000000 133.000000 16657.000000 3807.000000 4.000000 20603.000000
7 2.000000 114.000000 11933.000000 3684.000000 6.000000 15739.000000
7 1.000000 144.000000 7934.000000 3783.000000 4.000000 11866.000000
7 1.000000 112.000000 10863.000000 4273.000000 5.000000 15254.000000
7 1.000000 140.000000 14108.000000 3506.000000 3.000000 17758.000000
7 2.000000 113.000000 -986303.000000 3342.000000 4.000000 -982842.000000
7 1.000000 114.000000 8951.000000 3286.000000 3.000000 12355.000000
7 2.000000 2559.000000 7692.000000 3495.000000 3.000000 13751.000000
7 1.000000 112.000000 10157.000000 3747.000000 4.000000 14021.000000
7 2.000000 3113.000000 4932.000000 3826.000000 3.000000 11876.000000
7 3.000000 155.000000 15587.000000 4118.000000 5.000000 19868.000000
7 2.000000 798.000000 7076.000000 3040.000000 4.000000 10920.000000
7 2.000000 551.000000 10143.000000 6145.000000 9.000000 16850.000000
7 2.000000 153.000000 -985455.000000 3838.000000 4.000000 -981458.000000
7 2.000000 545.000000 8709.000000 3042.000000 4.000000 12302.000000
7 3.000000 171.000000 7069.000000 3062.000000 3.000000 10308.000000
7 2.000000 646.000000 7970.000000 4145.000000 5.000000 12768.000000
7 1.000000 2096.000000 7263.000000 3171.000000 4.000000 12535.000000
7 3.000000 282.000000 12906.000000 3770.000000 4.000000 16965.000000
7 2.000000 3854.000000 6122.000000 3673.000000 5.000000 13656.000000
7 3.000000 2400.000000 7214.000000 3236.000000 4.000000 12857.000000
7 2.000000 2760.000000 3660.000000 3152.000000 2.000000 9576.000000
7 2.000000 2100.000000 8683.000000 3263.000000 4.000000 14052.000000
7 3.000000 3772.000000 4335.000000 3259.000000 3.000000 11372.000000
7 1.000000 950.000000 7168.000000 3297.000000 4.000000 11420.000000
7 2.000000 247.000000 7258.000000 3455.000000 4.000000 10966.000000
7 2.000000 4630.000000 6649.000000 3568.000000 4.000000 14853.000000
7 1.000000 502.000000 33204.000000 3637.000000 5.000000 37349.000000
7 2.000000 3465.000000 5561.000000 3504.000000 5.000000 12537.000000
7 3.000000 2564.000000 6041.000000 3412.000000 4.000000 12024.000000
7 2.000000 151.000000 13219.000000 3811.000000 7.000000 17190.000000
7 2.000000 4854.000000 4579.000000 3019.000000 4.000000 12458.000000
7 2.000000 139.000000 11070.000000 3358.000000 4.000000 14573.000000
7 3.000000 2023.000000 9436.000000 4124.000000 4.000000 15590.000000
7 3.000000 157.000000 8853.000000 3507.000000 3.000000 12523.000000
7 2.000000 1971.000000 7636.000000 3424.000000 3.000000 13036.000000
7 2.000000 525.000000 7272.000000 3463.000000 3.000000 11265.000000
7 2.000000 2741.000000 6038.000000 3589.000000 3.000000 12373.000000
7 2.000000 142.000000 10999.000000 3616.000000 4.000000 14763.000000
7 3.000000 1313.000000 6662.000000 3554.000000 4.000000 11536.000000
7 3.000000 6206.000000 5094.000000 3145.000000 4.000000 14452.000000
7 3.000000 4631.000000 4515.000000 3262.000000 4.000000 12415.000000
7 2.000000 153.000000 10053.000000 3463.000000 5.000000 13676.000000
7 3.000000 153.000000 20215.000000 3344.000000 3.000000 23718.000000
7 3.000000 4366.000000 4429.000000 3341.000000 4.000000 12143.000000
7 3.000000 4809.000000 4102.000000 3591.000000 4.000000 12509.000000
7 2.000000 149.000000 12852.000000 3522.000000 5.000000 16530.000000
7 2.000000 146.000000 13429.000000 3379.000000 4.000000 16960.000000
7 2.000000 155.000000 8587.000000 3511.000000 6.000000 12261.000000
7 2.000000 144.000000 10656.000000 3520.000000 5.000000 14327.000000
7 1.000000 121.000000 17594.000000 3738.000000 4.000000 21458.000000
7 1.000000 107.000000 12955.000000 3722.000000 5.000000 16790.000000
7 2.000000 131.000000 15409.000000 3558.000000 4.000000 19104.000000
7 2.000000 141.000000 9530.000000 4208.000000 6.000000 13887.000000
7 1.000000 118.000000 11524.000000 3600.000000 4.000000 15247.000000
7 2.000000 164.000000 14771.000000 3837.000000 3.000000 18777.000000
7 2.000000 141.000000 17209.000000 4127.000000 5.000000 21484.000000
7 1.000000 120.000000 17263.000000 3789.000000 4.000000 21177.000000
7 1.000000 141.000000 7809.000000 3850.000000 4.000000 11805.000000
7 1.000000 2956.000000 8614.000000 3666.000000 5.000000 15242.000000
7 2.000000 133.000000 11645.000000 3377.000000 3.000000 15160.000000
7 3.000000 730.000000 8089.000000 3064.000000 4.000000 11890.000000
7 3.000000 174.000000 11584.000000 3661.000000 5.000000 15427.000000
7 2.000000 1814.000000 5973.000000 3487.000000 4.000000 11280.000000
7 1.000000 138.000000 38632.000000 3741.000000 5.000000 42517.000000
7 2.000000 2556.000000 5283.000000 3273.000000 3.000000 11117.000000
7 3.000000 847.000000 7784.000000 3401.000000 4.000000 12039.000000
7 2.000000 557.000000 7999.000000 3055.000000 4.000000 11617.000000
7 3.000000 2426.000000 5406.000000 2998.000000 3.000000 10836.000000
7 2.000000 235.000000 8333.000000 3738.000000 3.000000 12311.000000
7 2.000000 3968.000000 5945.000000 3099.000000 4.000000 13018.000000
7 3.000000 145.000000 14920.000000 3647.000000 3.000000 18718.000000
7 2.000000 513.000000 7942.000000 3701.000000 4.000000 12162.000000
7 2.000000 1310.000000 7233.000000 3193.000000 4.000000 11742.000000
7 2.000000 1593.000000 5349.000000 3463.000000 3.000000 10410.000000
7 3.000000 143.000000 8081.000000 3678.000000 4.000000 11909.000000
7 3.000000 188.000000 7018.000000 3143.000000 4.000000 10356.000000
7 1.000000 4034.000000 5530.000000 3042.000000 3.000000 12610.000000
7 3.000000 1000.000000 10950.000000 3041.000000 3.000000 14997.000000
7 3.000000 3977.000000 6297.000000 3530.000000 4.000000 13811.000000
7 3.000000 3089.000000 5894.000000 3077.000000 4.000000 12067.000000
7 2.000000 206.000000 6711.000000 3660.000000 4.000000 10583.000000
7 2.000000 144.000000 23298.000000 3806.000000 3.000000 27253.000000
7 3.000000 2971.000000 6552.000000 3111.000000 3.000000 12640.000000
7 3.000000 155.000000 13248.000000 3847.000000 5.000000 17258.000000
7 3.000000 2486.000000 5041.000000 3077.000000 3.000000 10610.000000
7 2.000000 3228.000000 4818.000000 6062.000000 5.000000 14115.000000
7 2.000000 1236.000000 8111.000000 3795.000000 5.000000 13149.000000
7 2.000000 139.000000 15588.000000 3958.000000 4.000000 19691.000000
7 2.000000 1673.000000 7844.000000 3161.000000 3.000000 12683.000000
7 1.000000 3320.000000 6937.000000 3364.000000 4.000000 13626.000000
7 2.000000 1108.000000 10411.000000 5188.000000 3.000000 16712.000000
7 2.000000 158.000000 27798.000000 8091.000000 10.000000 36059.000000
7 2.000000 185.000000 6025.000000 3623.000000 3.000000 9838.000000
7 2.000000 4135.000000 5439.000000 3051.000000 3.000000 12630.000000
7 2.000000 3364.000000 3143.000000 3685.000000 4.000000 10198.000000
7 3.000000 141.000000 8262.000000 3609.000000 4.000000 12019.000000
7 2.000000 145.000000 8430.000000 3020.000000 2.000000 11599.000000
7 2.000000 2789.000000 5347.000000 3093.000000 3.000000 11234.000000
7 2.000000 4027.000000 9533.000000 3596.000000 3.000000 17161.000000
