6 1.000000 103.000000 1431.000000 329.000000 1.000000 1865.000000
6 1.000000 101.000000 6290.000000 323.000000 1.000000 6716.000000
6 1.000000 109.000000 2722.000000 335.000000 1.000000 3168.000000
6 1.000000 100.000000 5881.000000 1158.000000 2.000000 7142.000000
6 1.000000 121.000000 3153.000000 315.000000 1.000000 3591.000000
6 1.000000 97.000000 1424.000000 317.000000 1.000000 1840.000000
6 1.000000 129.000000 1579.000000 342.000000 1.000000 2052.000000
6 2.000000 110.000000 1564.000000 335.000000 1.000000 2012.000000
6 1.000000 114.000000 1521.000000 335.000000 1.000000 1972.000000
6 2.000000 118.000000 1545.000000 342.000000 1.000000 2008.000000
6 0.000000 97.000000 1555.000000 342.000000 1.000000 1995.000000
6 1.000000 120.000000 2554.000000 399.000000 1.000000 3075.000000
6 1.000000 123.000000 2080.000000 335.000000 2.000000 2541.000000
6 1.000000 106.000000 6248.000000 317.000000 1.000000 6673.000000
6 1.000000 98.000000 13847.000000 306.000000 1.000000 14253.000000
6 1.000000 123.000000 3010.000000 321.000000 2.000000 3457.000000
6 1.000000 117.000000 3381.000000 334.000000 2.000000 3835.000000
6 1.000000 114.000000 18817.000000 325.000000 1.000000 19258.000000
6 1.000000 99.000000 4595.000000 334.000000 1.000000 5030.000000
6 0.000000 102.000000 1852.000000 335.000000 1.000000 2290.000000
6 1.000000 122.000000 1910.000000 320.000000 1.000000 2354.000000
6 1.000000 103.000000 1533.000000 336.000000 1.000000 1974.000000
6 1.000000 107.000000 6080.000000 328.000000 1.000000 6517.000000
6 2.000000 106.000000 1490.000000 339.000000 1.000000 1938.000000
6 1.000000 113.000000 3748.000000 348.000000 2.000000 4212.000000
6 1.000000 105.000000 1502.000000 340.000000 1.000000 1949.000000
6 1.000000 102.000000 2640.000000 307.000000 1.000000 3051.000000
6 1.000000 151.000000 3014.000000 307.000000 2.000000 3475.000000
6 2.000000 134.000000 1429.000000 313.000000 2.000000 1880.000000
6 1.000000 86.000000 3012.000000 341.000000 2.000000 3442.000000
6 1.000000 97.000000 1451.000000 320.000000 1.000000 1870.000000
6 2.000000 139.000000 1625.000000 326.000000 1.000000 2093.000000
6 1.000000 100.000000 1420.000000 311.000000 1.000000 1833.000000
6 0.000000 100.000000 1722.000000 341.000000 1.000000 2164.000000
6 1.000000 126.000000 16223.000000 344.000000 1.000000 16695.000000
6 2.000000 104.000000 1422.000000 323.000000 2.000000 1853.000000
6 1.000000 110.000000 3992.000000 317.000000 2.000000 4422.000000
6 0.000000 97.000000 1491.000000 336.000000 2.000000 1926.000000
6 1.000000 111.000000 5702.000000 312.000000 2.000000 6128.000000
6 1.000000 106.000000 1463.000000 340.000000 1.000000 1911.000000
6 0.000000 101.000000 1464.000000 328.000000 1.000000 1894.000000
6 1.000000 123.000000 1425.000000 329.000000 2.000000 1880.000000
6 1.000000 128.000000 4095.000000 308.000000 2.000000 4534.000000
6 1.000000 110.000000 3219.000000 312.000000 2.000000 3644.000000
6 1.000000 109.000000 1482.000000 369.000000 1.000000 1962.000000
6 1.000000 111.000000 1521.000000 336.000000 1.000000 1970.000000
6 1.000000 102.000000 1497.000000 339.000000 1.000000 1940.000000
6 1.000000 103.000000 1556.000000 341.000000 2.000000 2003.000000
6 1.000000 130.000000 1566.000000 342.000000 1.000000 2040.000000
6 1.000000 106.000000 1423.000000 333.000000 1.000000 1864.000000
6 1.000000 531.000000 2281.000000 313.000000 1.000000 3127.000000
6 1.000000 915.000000 1722.000000 311.000000 1.000000 2950.000000
6 1.000000 93.000000 1355.000000 322.000000 1.000000 1772.000000
6 1.000000 92.000000 1464.000000 308.000000 1.000000 1866.000000
6 1.000000 100.000000 1459.000000 337.000000 1.000000 1898.000000
6 1.000000 110.000000 1454.000000 341.000000 1.000000 1907.000000
6 1.000000 100.000000 907.000000 379.000000 1.000000 1388.000000
6 1.000000 106.000000 1359.000000 334.000000 5.000000 1805.000000
6 1.000000 95.000000 1402.000000 300.000000 1.000000 1799.000000
6 1.000000 98.000000 5245.000000 388.000000 1.000000 5733.000000
6 0.000000 894.000000 533.000000 285.000000 1.000000 1713.000000
6 1.000000 100.000000 1421.000000 324.000000 1.000000 1847.000000
6 1.000000 106.000000 1705.000000 340.000000 1.000000 2153.000000
6 2.000000 106.000000 1006.000000 340.000000 2.000000 1456.000000
6 1.000000 100.000000 1514.000000 341.000000 1.000000 1957.000000
6 3.000000 114.000000 1709.000000 316.000000 2.000000 2144.000000
6 2.000000 109.000000 8389.000000 325.000000 1.000000 8826.000000
6 2.000000 107.000000 1568.000000 341.000000 1.000000 2019.000000
6 1.000000 115.000000 5989.000000 331.000000 2.000000 6438.000000
6 1.000000 109.000000 1525.000000 356.000000 1.000000 1992.000000
6 1.000000 120.000000 1530.000000 319.000000 1.000000 1971.000000
6 0.000000 1265.000000 1221.000000 307.000000 2.000000 2795.000000
6 1.000000 106.000000 1535.000000 338.000000 2.000000 1982.000000
6 1.000000 794.000000 459.000000 293.000000 1.000000 1548.000000
6 3.000000 132.000000 1592.000000 342.000000 1.000000 2070.000000
6 1.000000 124.000000 953.000000 1386.000000 3.000000 2467.000000
6 1.000000 112.000000 11236.000000 315.000000 2.000000 11666.000000
6 1.000000 1163.000000 420.000000 314.000000 1.000000 1899.000000
6 0.000000 104.000000 4266.000000 297.000000 0.000000 4667.000000
6 1.000000 566.000000 488.000000 299.000000 1.000000 1355.000000
6 1.000000 90.000000 6526.000000 281.000000 1.000000 6899.000000
6 1.000000 111.000000 1509.000000 340.000000 1.000000 1962.000000
6 1.000000 586.000000 761.000000 319.000000 1.000000 1668.000000
6 1.000000 96.000000 5633.000000 328.000000 1.000000 6059.000000
6 1.000000 434.000000 777.000000 392.000000 2.000000 1606.000000
6 1.000000 191.000000 954.000000 287.000000 1.000000 1434.000000
6 0.000000 888.000000 784.000000 307.000000 1.000000 1980.000000
6 1.000000 151.000000 1046.000000 314.000000 1.000000 1513.000000
6 1.000000 562.000000 480.000000 282.000000 0.000000 1325.000000
6 2.000000 116.000000 1553.000000 326.000000 2.000000 1999.000000
6 1.000000 106.000000 1390.000000 318.000000 2.000000 1817.000000
6 2.000000 130.000000 22599.000000 315.000000 2.000000 23048.000000
6 1.000000 100.000000 1573.000000 350.000000 2.000000 2026.000000
6 1.000000 122.000000 9129.000000 348.000000 2.000000 9602.000000
6 1.000000 183.000000 1369.000000 366.000000 2.000000 1921.000000
6 2.000000 143.000000 1918.000000 295.000000 1.000000 2359.000000
6 1.000000 454.000000 966.000000 313.000000 2.000000 1736.000000
6 2.000000 428.000000 3795.000000 310.000000 1.000000 4536.000000
6 1.000000 414.000000 673.000000 324.000000 1.000000 1413.000000
6 1.000000 603.000000 911.000000 312.000000 2.000000 1829.000000
