11 2.000000 1608.000000 7019.000000 545.000000 2.000000 9176.000000
11 1.000000 179.000000 6838.000000 572.000000 3.000000 7593.000000
11 1.000000 172.000000 1553.000000 562.000000 1.000000 2289.000000
11 1.000000 168.000000 1797.000000 577.000000 1.000000 2544.000000
11 3.000000 214.000000 7183.000000 544.000000 2.000000 7946.000000
11 1.000000 155.000000 1563.000000 912.000000 1.000000 2632.000000
11 0.000000 162.000000 1393.000000 575.000000 2.000000 2132.000000
11 0.000000 2176.000000 343.000000 556.000000 1.000000 3076.000000
11 1.000000 173.000000 1289.000000 583.000000 1.000000 2047.000000
11 1.000000 180.000000 2180.000000 545.000000 2.000000 2908.000000
11 2.000000 186.000000 1509.000000 579.000000 1.000000 2277.000000
11 1.000000 158.000000 5097.000000 562.000000 1.000000 5819.000000
11 1.000000 189.000000 3902.000000 535.000000 1.000000 4628.000000
11 2.000000 182.000000 4387.000000 537.000000 1.000000 5109.000000
11 2.000000 869.000000 2099.000000 804.000000 3.000000 3777.000000
11 2.000000 174.000000 3125.000000 536.000000 1.000000 3838.000000
11 1.000000 231.000000 10154.000000 565.000000 2.000000 10953.000000
11 1.000000 158.000000 2108.000000 549.000000 1.000000 2817.000000
11 1.000000 193.000000 9758.000000 523.000000 2.000000 10477.000000
11 2.000000 200.000000 1775.000000 598.000000 1.000000 2576.000000
11 2.000000 254.000000 3287.000000 592.000000 4.000000 4139.000000
11 2.000000 190.000000 1516.000000 537.000000 1.000000 2246.000000
11 2.000000 179.000000 1771.000000 560.000000 2.000000 2514.000000
11 2.000000 170.000000 1992.000000 770.000000 1.000000 2935.000000
11 0.000000 3788.000000 1580.000000 634.000000 2.000000 6004.000000
11 1.000000 162.000000 2788.000000 604.000000 2.000000 3557.000000
11 1.000000 2731.000000 1993.000000 587.000000 2.000000 5314.000000
11 1.000000 1258.000000 356.000000 570.000000 1.000000 2186.000000
11 2.000000 623.000000 1779.000000 556.000000 2.000000 2962.000000
11 1.000000 1410.000000 2061.000000 532.000000 2.000000 4006.000000
11 1.000000 1222.000000 398.000000 512.000000 1.000000 2134.000000
11 1.000000 189.000000 1695.000000 547.000000 2.000000 2434.000000
11 1.000000 171.000000 1851.000000 587.000000 2.000000 2612.000000
11 2.000000 183.000000 2496.000000 557.000000 2.000000 3240.000000
11 1.000000 162.000000 1293.000000 580.000000 2.000000 2038.000000
11 2.000000 195.000000 1671.000000 543.000000 2.000000 2413.000000
11 1.000000 957.000000 150.000000 573.000000 1.000000 1682.000000
11 1.000000 206.000000 1609.000000 557.000000 2.000000 2375.000000
11 2.000000 1903.000000 373.000000 546.000000 1.000000 2825.000000
11 1.000000 166.000000 1554.000000 590.000000 1.000000 2312.000000
11 1.000000 1403.000000 2689.000000 548.000000 2.000000 4643.000000
11 2.000000 187.000000 1501.000000 656.000000 2.000000 2348.000000
11 2.000000 174.000000 1485.000000 567.000000 2.000000 2230.000000
11 2.000000 203.000000 1627.000000 528.000000 1.000000 2361.000000
11 2.000000 213.000000 4013.000000 591.000000 2.000000 4821.000000
11 2.000000 220.000000 1143.000000 533.000000 1.000000 1899.000000
11 2.000000 1419.000000 279.000000 577.000000 2.000000 2279.000000
11 2.000000 176.000000 2641.000000 534.000000 2.000000 3355.000000
11 1.000000 1178.000000 488.000000 542.000000 1.000000 2210.000000
11 2.000000 184.000000 1540.000000 571.000000 1.000000 2298.000000
11 2.000000 206.000000 18287.000000 619.000000 3.000000 19117.000000
11 2.000000 199.000000 1640.000000 547.000000 2.000000 2390.000000
11 2.000000 910.000000 2133.000000 570.000000 2.000000 3617.000000
11 2.000000 209.000000 1783.000000 596.000000 4.000000 2594.000000
11 2.000000 157.000000 6707.000000 539.000000 2.000000 7407.000000
11 1.000000 180.000000 1617.000000 663.000000 1.000000 2462.000000
11 0.000000 936.000000 1148.000000 544.000000 1.000000 2629.000000
11 1.000000 178.000000 12943.000000 573.000000 2.000000 13697.000000
11 1.000000 169.000000 2311.000000 605.000000 1.000000 3087.000000
11 1.000000 181.000000 2514.000000 540.000000 2.000000 3238.000000
11 2.000000 184.000000 4995.000000 594.000000 1.000000 5776.000000
11 1.000000 166.000000 1389.000000 555.000000 1.000000 2112.000000
11 1.000000 195.000000 1696.000000 598.000000 2.000000 2492.000000
11 1.000000 201.000000 15000.000000 583.000000 2.000000 15787.000000
11 1.000000 915.000000 1682.000000 562.000000 1.000000 3161.000000
11 1.000000 174.000000 1889.000000 532.000000 1.000000 2597.000000
11 2.000000 208.000000 2832.000000 573.000000 1.000000 3616.000000
11 1.000000 3410.000000 832.000000 563.000000 1.000000 4807.000000
11 2.000000 1032.000000 856.000000 546.000000 3.000000 2439.000000
11 1.000000 169.000000 4170.000000 588.000000 2.000000 4930.000000
11 1.000000 161.000000 1757.000000 580.000000 1.000000 2500.000000
11 2.000000 600.000000 3181.000000 534.000000 1.000000 4318.000000
11 1.000000 218.000000 1834.000000 533.000000 2.000000 2588.000000
11 2.000000 179.000000 5178.000000 558.000000 2.000000 5919.000000
11 1.000000 194.000000 1692.000000 549.000000 2.000000 2438.000000
11 2.000000 5598.000000 7364.000000 574.000000 1.000000 13539.000000
11 2.000000 205.000000 12143.000000 579.000000 2.000000 12931.000000
11 2.000000 196.000000 1258.000000 544.000000 2.000000 2002.000000
11 1.000000 168.000000 14601.000000 582.000000 2.000000 15354.000000
11 1.000000 1127.000000 670.000000 563.000000 2.000000 2363.000000
11 1.000000 556.000000 1331.000000 673.000000 2.000000 2563.000000
11 2.000000 218.000000 1558.000000 764.000000 3.000000 2545.000000
11 0.000000 4747.000000 824.000000 528.000000 1.000000 6100.000000
11 1.000000 603.000000 1430.000000 564.000000 2.000000 2600.000000
11 2.000000 180.000000 1605.000000 588.000000 2.000000 2377.000000
11 1.000000 643.000000 1568.000000 593.000000 1.000000 2806.000000
11 1.000000 154.000000 1450.000000 2102.000000 2.000000 3709.000000
11 1.000000 191.000000 7974.000000 591.000000 1.000000 8758.000000
11 1.000000 206.000000 1565.000000 563.000000 2.000000 2337.000000
11 1.000000 176.000000 1775.000000 534.000000 1.000000 2487.000000
11 1.000000 183.000000 3101.000000 567.000000 1.000000 3853.000000
11 0.000000 1019.000000 708.000000 561.000000 1.000000 2289.000000
11 2.000000 214.000000 1784.000000 675.000000 3.000000 2678.000000
11 1.000000 194.000000 1874.000000 560.000000 1.000000 2630.000000
11 1.000000 167.000000 1406.000000 553.000000 1.000000 2128.000000
11 1.000000 168.000000 1586.000000 594.000000 1.000000 2350.000000
11 2.000000 186.000000 1570.000000 534.000000 1.000000 2293.000000
11 1.000000 189.000000 1566.000000 606.000000 2.000000 2364.000000
11 2.000000 189.000000 1580.000000 592.000000 3.000000 2366.000000
11 1.000000 179.000000 1886.000000 602.000000 2.000000 2670.000000
