4 2.000000 12766.000000 85994.000000 22480.000000 8.000000 121250.000000
4 2.000000 96.000000 66984.000000 22425.000000 8.000000 89515.000000
4 1.000000 128.000000 72970.000000 24448.000000 9.000000 97556.000000
4 1.000000 118.000000 103012.000000 27070.000000 11.000000 130212.000000
4 2.000000 559.000000 77860.000000 20387.000000 9.000000 98817.000000
4 2.000000 10744.000000 69610.000000 23022.000000 6.000000 103384.000000
4 2.000000 534.000000 71710.000000 22020.000000 10.000000 94276.000000
4 2.000000 169.000000 62446.000000 23483.000000 9.000000 86109.000000
4 2.000000 490.000000 67231.000000 20919.000000 11.000000 88653.000000
4 2.000000 251.000000 59424.000000 22570.000000 7.000000 82254.000000
4 3.000000 2188.000000 65370.000000 21767.000000 10.000000 89338.000000
4 2.000000 98.000000 62743.000000 19045.000000 8.000000 81896.000000
4 2.000000 1155.000000 63524.000000 19131.000000 11.000000 83823.000000
4 1.000000 278.000000 71168.000000 21185.000000 8.000000 92640.000000
4 2.000000 187.000000 56170.000000 23758.000000 9.000000 80126.000000
4 3.000000 160.000000 61322.000000 24648.000000 9.000000 86142.000000
4 3.000000 92.000000 64618.000000 20587.000000 8.000000 85308.000000
4 2.000000 196.000000 -936857.000000 22932.000000 8.000000 -913719.000000
4 3.000000 1582.000000 64527.000000 25867.000000 9.000000 91988.000000
4 2.000000 156.000000 63698.000000 21515.000000 8.000000 85379.000000
4 2.000000 209.000000 68943.000000 20236.000000 9.000000 89399.000000
4 2.000000 171.000000 63888.000000 23434.000000 9.000000 87504.000000
4 2.000000 166.000000 61816.000000 17950.000000 9.000000 79943.000000
4 1.000000 192.000000 57469.000000 23305.000000 9.000000 80976.000000
4 2.000000 93.000000 76502.000000 -978196.000000 8.000000 -901591.000000
4 2.000000 529.000000 68397.000000 19830.000000 9.000000 88767.000000
4 2.000000 169.000000 54347.000000 20485.000000 9.000000 75012.000000
4 2.000000 203.000000 56287.000000 20461.000000 7.000000 76960.000000
4 2.000000 214.000000 63519.000000 21106.000000 9.000000 84850.000000
4 2.000000 167.000000 61521.000000 22518.000000 8.000000 84216.000000
4 2.000000 181.000000 64159.000000 25905.000000 9.000000 90256.000000
4 2.000000 162.000000 63611.000000 25391.000000 8.000000 89174.000000
4 2.000000 1818.000000 62507.000000 25294.000000 8.000000 89629.000000
4 2.000000 172.000000 60360.000000 22702.000000 11.000000 83247.000000
4 2.000000 336.000000 59961.000000 24743.000000 9.000000 85051.000000
4 3.000000 208.000000 74731.000000 25680.000000 10.000000 100632.000000
4 2.000000 228.000000 84679.000000 22373.000000 8.000000 107290.000000
4 2.000000 518.000000 51263.000000 18809.000000 8.000000 70600.000000
4 2.000000 169.000000 57547.000000 25568.000000 10.000000 83296.000000
4 2.000000 177.000000 57184.000000 19729.000000 9.000000 77101.000000
4 2.000000 475.000000 51135.000000 19322.000000 8.000000 70942.000000
4 2.000000 217.000000 58044.000000 22432.000000 8.000000 80703.000000
4 2.000000 134.000000 85052.000000 21184.000000 7.000000 106379.000000
4 2.000000 127.000000 52826.000000 22660.000000 9.000000 75624.000000
4 1.000000 505.000000 -939807.000000 19282.000000 10.000000 -920009.000000
4 1.000000 185.000000 61523.000000 19129.000000 8.000000 80846.000000
4 2.000000 110.000000 63584.000000 22382.000000 8.000000 86086.000000
4 2.000000 119.000000 60080.000000 19677.000000 8.000000 79886.000000
4 2.000000 213.000000 62447.000000 21404.000000 9.000000 84075.000000
4 2.000000 118.000000 58627.000000 23117.000000 11.000000 81875.000000
4 2.000000 64.000000 87987.000000 23508.000000 6.000000 111567.000000
4 2.000000 4283.000000 -919123.000000 20658.000000 7.000000 -894173.000000
4 1.000000 100.000000 64152.000000 20662.000000 10.000000 84925.000000
4 1.000000 159.000000 63801.000000 21124.000000 6.000000 85091.000000
4 2.000000 170.000000 72405.000000 22200.000000 10.000000 94787.000000
4 2.000000 442.000000 84582.000000 20003.000000 7.000000 105036.000000
4 2.000000 595.000000 51915.000000 22549.000000 9.000000 75070.000000
4 2.000000 2671.000000 63296.000000 22868.000000 9.000000 88846.000000
4 2.000000 1815.000000 71000.000000 21014.000000 9.000000 93840.000000
4 2.000000 160.000000 54118.000000 24252.000000 9.000000 78541.000000
4 3.000000 177.000000 53139.000000 25258.000000 10.000000 78587.000000
4 2.000000 207.000000 60392.000000 19258.000000 9.000000 79868.000000
4 2.000000 160.000000 -940340.000000 22875.000000 7.000000 -917296.000000
4 2.000000 95.000000 63893.000000 20813.000000 7.000000 84810.000000
4 1.000000 196.000000 58703.000000 24218.000000 9.000000 83127.000000
4 2.000000 1260.000000 59539.000000 22570.000000 7.000000 83378.000000
4 3.000000 8762.000000 -932819.000000 26748.000000 8.000000 -897298.000000
4 2.000000 176.000000 -943116.000000 21999.000000 11.000000 -920928.000000
4 2.000000 438.000000 -933017.000000 19102.000000 9.000000 -913466.000000
4 2.000000 178.000000 -942793.000000 19887.000000 11.000000 -922715.000000
4 1.000000 196.000000 54790.000000 25455.000000 7.000000 80449.000000
4 2.000000 167.000000 56016.000000 21238.000000 10.000000 77433.000000
4 2.000000 546.000000 79903.000000 22933.000000 9.000000 103393.000000
4 2.000000 187.000000 53052.000000 19185.000000 11.000000 72437.000000
4 2.000000 181.000000 58268.000000 22203.000000 7.000000 80661.000000
4 2.000000 242.000000 58967.000000 18908.000000 9.000000 78128.000000
4 2.000000 90.000000 69449.000000 25250.000000 9.000000 94800.000000
4 2.000000 90.000000 61311.000000 20579.000000 9.000000 81991.000000
4 2.000000 219.000000 56544.000000 23871.000000 9.000000 80645.000000
4 2.000000 172.000000 62534.000000 24977.000000 10.000000 87695.000000
4 2.000000 901.000000 58057.000000 24940.000000 9.000000 83909.000000
4 1.000000 283.000000 62063.000000 24569.000000 10.000000 86926.000000
4 1.000000 90.000000 50577.000000 17664.000000 8.000000 68340.000000
4 1.000000 89.000000 44352.000000 19284.000000 8.000000 63734.000000
4 2.000000 90.000000 42999.000000 17518.000000 7.000000 60616.000000
4 2.000000 98.000000 50682.000000 23229.000000 8.000000 74019.000000
4 2.000000 91.000000 53679.000000 21865.000000 8.000000 75645.000000
4 3.000000 92.000000 52768.000000 25019.000000 8.000000 77890.000000
4 2.000000 92.000000 54607.000000 25482.000000 32.000000 80215.000000
4 2.000000 89.000000 48520.000000 20393.000000 8.000000 69012.000000
4 1.000000 90.000000 43460.000000 17693.000000 8.000000 61252.000000
4 2.000000 92.000000 46008.000000 20075.000000 8.000000 66185.000000
4 2.000000 90.000000 43144.000000 17497.000000 9.000000 60742.000000
4 2.000000 88.000000 51543.000000 25642.000000 9.000000 77284.000000
4 1.000000 90.000000 49604.000000 25451.000000 11.000000 75157.000000
4 2.000000 93.000000 50051.000000 22095.000000 6.000000 72247.000000
4 3.000000 96.000000 43414.000000 17367.000000 8.000000 60888.000000
4 2.000000 89.000000 44417.000000 17483.000000 10.000000 62001.000000
4 2.000000 96.000000 43253.000000 20836.000000 8.000000 64195.000000
4 2.000000 94.000000 43612.000000 17422.000000 7.000000 61137.000000
