12 1.000000 192.000000 2776.000000 657.000000 1.000000 3627.000000
12 1.000000 178.000000 3128.000000 579.000000 2.000000 3888.000000
12 2.000000 188.000000 3751.000000 641.000000 1.000000 4583.000000
12 2.000000 191.000000 6254.000000 656.000000 1.000000 7104.000000
12 2.000000 236.000000 2576.000000 670.000000 3.000000 3487.000000
12 3.000000 277.000000 1682.000000 634.000000 2.000000 2598.000000
12 1.000000 173.000000 1793.000000 594.000000 2.000000 2563.000000
12 1.000000 177.000000 1498.000000 647.000000 2.000000 2325.000000
12 4.000000 259.000000 2589.000000 608.000000 1.000000 3461.000000
12 1.000000 173.000000 1541.000000 652.000000 2.000000 2369.000000
12 1.000000 188.000000 1770.000000 608.000000 2.000000 2569.000000
12 2.000000 195.000000 2215.000000 632.000000 2.000000 3046.000000
12 0.000000 220.000000 1395.000000 579.000000 1.000000 2195.000000
12 1.000000 186.000000 6628.000000 608.000000 2.000000 7425.000000
12 2.000000 199.000000 1569.000000 638.000000 2.000000 2410.000000
12 2.000000 199.000000 1492.000000 648.000000 2.000000 2343.000000
12 1.000000 199.000000 7148.000000 892.000000 2.000000 8242.000000
12 0.000000 176.000000 1511.000000 637.000000 1.000000 2325.000000
12 1.000000 175.000000 3672.000000 617.000000 1.000000 4466.000000
12 1.000000 188.000000 2153.000000 580.000000 1.000000 2923.000000
12 1.000000 171.000000 1406.000000 622.000000 2.000000 2202.000000
12 1.000000 194.000000 3040.000000 626.000000 2.000000 3863.000000
12 1.000000 158.000000 1495.000000 602.000000 1.000000 2257.000000
12 1.000000 183.000000 7417.000000 639.000000 1.000000 8241.000000
12 1.000000 220.000000 2886.000000 594.000000 2.000000 3703.000000
12 1.000000 171.000000 1892.000000 623.000000 1.000000 2688.000000
12 0.000000 172.000000 1368.000000 620.000000 2.000000 2162.000000
12 1.000000 181.000000 1604.000000 632.000000 1.000000 2419.000000
12 1.000000 167.000000 2615.000000 633.000000 1.000000 3417.000000
12 1.000000 216.000000 1591.000000 644.000000 1.000000 2453.000000
12 1.000000 208.000000 9200.000000 620.000000 1.000000 10030.000000
12 1.000000 167.000000 1593.000000 610.000000 1.000000 2372.000000
12 1.000000 170.000000 2776.000000 633.000000 1.000000 3581.000000
12 1.000000 167.000000 1389.000000 605.000000 1.000000 2163.000000
12 1.000000 216.000000 1647.000000 1133.000000 2.000000 2999.000000
12 1.000000 185.000000 1436.000000 579.000000 1.000000 2202.000000
12 1.000000 188.000000 4039.000000 661.000000 1.000000 4890.000000
12 1.000000 181.000000 9693.000000 600.000000 3.000000 10478.000000
12 0.000000 190.000000 1534.000000 608.000000 1.000000 2333.000000
12 1.000000 204.000000 1578.000000 633.000000 1.000000 2417.000000
12 0.000000 166.000000 1408.000000 624.000000 2.000000 2200.000000
12 1.000000 177.000000 1539.000000 678.000000 2.000000 2397.000000
12 1.000000 196.000000 1513.000000 897.000000 1.000000 2608.000000
12 1.000000 194.000000 2037.000000 655.000000 2.000000 2889.000000
12 1.000000 207.000000 1554.000000 641.000000 2.000000 2405.000000
12 1.000000 174.000000 -998464.000000 633.000000 1.000000 -997655.000000
12 1.000000 177.000000 1522.000000 637.000000 2.000000 2339.000000
12 1.000000 173.000000 1513.000000 626.000000 1.000000 2314.000000
12 2.000000 239.000000 1541.000000 592.000000 2.000000 2376.000000
12 2.000000 212.000000 1687.000000 598.000000 3.000000 2502.000000
12 0.000000 1921.000000 5440.000000 612.000000 2.000000 7975.000000
12 1.000000 1040.000000 1003.000000 616.000000 1.000000 2661.000000
12 2.000000 2099.000000 587.000000 597.000000 1.000000 3286.000000
12 1.000000 544.000000 1200.000000 617.000000 1.000000 2363.000000
12 1.000000 168.000000 1456.000000 641.000000 1.000000 2267.000000
12 1.000000 174.000000 3108.000000 585.000000 1.000000 3869.000000
12 1.000000 174.000000 1440.000000 572.000000 1.000000 2188.000000
12 1.000000 227.000000 1489.000000 648.000000 1.000000 2366.000000
12 1.000000 182.000000 1464.000000 577.000000 1.000000 2225.000000
12 1.000000 185.000000 1461.000000 654.000000 1.000000 2302.000000
12 1.000000 869.000000 1249.000000 660.000000 1.000000 2780.000000
12 1.000000 1187.000000 1179.000000 674.000000 2.000000 3043.000000
12 1.000000 197.000000 1829.000000 609.000000 3.000000 2639.000000
12 1.000000 1768.000000 4341.000000 616.000000 2.000000 6728.000000
12 1.000000 177.000000 1504.000000 643.000000 2.000000 2327.000000
12 2.000000 223.000000 11495.000000 655.000000 2.000000 12377.000000
12 0.000000 1601.000000 10673.000000 657.000000 1.000000 12932.000000
12 2.000000 205.000000 3184.000000 586.000000 1.000000 3978.000000
12 1.000000 218.000000 1595.000000 608.000000 2.000000 2424.000000
12 1.000000 1265.000000 1947.000000 751.000000 2.000000 3966.000000
12 2.000000 188.000000 1572.000000 606.000000 2.000000 2370.000000
12 1.000000 162.000000 1282.000000 682.000000 2.000000 2129.000000
12 1.000000 515.000000 1135.000000 671.000000 1.000000 2323.000000
12 0.000000 760.000000 947.000000 1126.000000 2.000000 2835.000000
12 0.000000 861.000000 691.000000 586.000000 1.000000 2139.000000
12 1.000000 203.000000 1102.000000 644.000000 1.000000 1951.000000
12 1.000000 1715.000000 531.000000 571.000000 2.000000 2820.000000
12 1.000000 165.000000 1480.000000 628.000000 1.000000 2275.000000
12 1.000000 187.000000 1211.000000 636.000000 1.000000 2036.000000
12 1.000000 960.000000 563.000000 563.000000 1.000000 2088.000000
12 1.000000 176.000000 1479.000000 1587.000000 2.000000 3245.000000
12 1.000000 885.000000 1097.000000 642.000000 2.000000 2627.000000
12 1.000000 1990.000000 2615.000000 563.000000 1.000000 5170.000000
12 1.000000 935.000000 511.000000 584.000000 1.000000 2032.000000
12 0.000000 1164.000000 880.000000 588.000000 2.000000 2634.000000
12 0.000000 1342.000000 590.000000 630.000000 1.000000 2563.000000
12 1.000000 1512.000000 462.000000 625.000000 1.000000 2601.000000
12 0.000000 1530.000000 786.000000 629.000000 2.000000 2947.000000
12 0.000000 189.000000 8623.000000 628.000000 2.000000 9442.000000
12 1.000000 191.000000 1729.000000 982.000000 1.000000 2904.000000
12 2.000000 325.000000 1269.000000 616.000000 2.000000 2214.000000
12 1.000000 210.000000 1397.000000 633.000000 2.000000 2243.000000
12 2.000000 221.000000 1376.000000 648.000000 2.000000 2249.000000
12 2.000000 241.000000 5704.000000 601.000000 2.000000 6550.000000
12 2.000000 1994.000000 4452.000000 607.000000 1.000000 7056.000000
12 0.000000 945.000000 575.000000 636.000000 1.000000 2157.000000
12 0.000000 1104.000000 537.000000 621.000000 1.000000 2263.000000
12 1.000000 1180.000000 795.000000 617.000000 1.000000 2594.000000
12 1.000000 1543.000000 415.000000 594.000000 2.000000 2555.000000
12 1.000000 907.000000 1013.000000 621.000000 2.000000 2544.000000
