9 2.000000 152.000000 77372.000000 47789.000000 7.000000 125322.000000
9 2.000000 513.000000 56558.000000 42933.000000 8.000000 100014.000000
9 1.000000 162.000000 64895.000000 41234.000000 6.000000 106298.000000
9 1.000000 131.000000 -934007.000000 42457.000000 9.000000 -891409.000000
9 1.000000 24927.000000 -955584.000000 48544.000000 8.000000 -882104.000000
9 1.000000 2563.000000 -934427.000000 41473.000000 10.000000 -890380.000000
9 2.000000 18299.000000 41557.000000 41248.000000 12.000000 101118.000000
9 2.000000 7119.000000 54794.000000 42686.000000 8.000000 104609.000000
9 2.000000 577.000000 53496.000000 37254.000000 8.000000 91337.000000
9 2.000000 7048.000000 48093.000000 36948.000000 8.000000 92099.000000
9 2.000000 603.000000 52898.000000 41303.000000 9.000000 94815.000000
9 2.000000 1334.000000 52853.000000 37925.000000 8.000000 92122.000000
9 2.000000 597.000000 51505.000000 38510.000000 9.000000 90623.000000
9 2.000000 1372.000000 49328.000000 42790.000000 9.000000 93501.000000
9 2.000000 39067.000000 22776.000000 38551.000000 9.000000 100405.000000
9 2.000000 545.000000 71792.000000 38413.000000 8.000000 110760.000000
9 2.000000 604.000000 54312.000000 39829.000000 8.000000 94755.000000
9 2.000000 3895.000000 53815.000000 43100.000000 9.000000 100821.000000
9 2.000000 13437.000000 43454.000000 44100.000000 10.000000 101003.000000
9 3.000000 20165.000000 49247.000000 43392.000000 13.000000 112820.000000
9 2.000000 18872.000000 39672.000000 38068.000000 11.000000 96625.000000
9 2.000000 44301.000000 19730.000000 39317.000000 9.000000 103359.000000
9 3.000000 19453.000000 40014.000000 -963550.000000 9.000000 -904071.000000
9 2.000000 206.000000 52251.000000 41331.000000 8.000000 93798.000000
9 2.000000 240.000000 52070.000000 40420.000000 10.000000 92742.000000
9 3.000000 8131.000000 48298.000000 41143.000000 9.000000 97584.000000
9 1.000000 644.000000 54600.000000 38574.000000 8.000000 93827.000000
9 2.000000 13042.000000 40515.000000 42419.000000 10.000000 95988.000000
9 2.000000 14550.000000 37473.000000 39059.000000 9.000000 91093.000000
9 2.000000 155.000000 52976.000000 42919.000000 8.000000 96060.000000
9 3.000000 608.000000 59390.000000 40617.000000 9.000000 100627.000000
9 2.000000 2352.000000 45814.000000 41056.000000 8.000000 89232.000000
9 2.000000 594.000000 56124.000000 37842.000000 9.000000 94571.000000
9 1.000000 401.000000 61242.000000 37774.000000 9.000000 99427.000000
9 2.000000 393.000000 57329.000000 36648.000000 8.000000 94380.000000
9 2.000000 20207.000000 42916.000000 37725.000000 8.000000 100858.000000
9 2.000000 223.000000 51101.000000 39248.000000 9.000000 90583.000000
9 2.000000 4810.000000 54218.000000 37997.000000 9.000000 97036.000000
9 2.000000 547.000000 66125.000000 40021.000000 9.000000 106704.000000
9 2.000000 4191.000000 61364.000000 44905.000000 9.000000 110471.000000
9 2.000000 1463.000000 55059.000000 37253.000000 8.000000 93785.000000
9 2.000000 14387.000000 42954.000000 36228.000000 8.000000 93579.000000
9 2.000000 563.000000 66154.000000 40134.000000 8.000000 106861.000000
9 2.000000 222.000000 55392.000000 38142.000000 10.000000 93768.000000
9 1.000000 532.000000 54685.000000 38587.000000 9.000000 93814.000000
9 3.000000 544.000000 49994.000000 38062.000000 8.000000 88611.000000
9 2.000000 26098.000000 27843.000000 37585.000000 11.000000 91539.000000
9 2.000000 541.000000 55830.000000 43333.000000 9.000000 99715.000000
9 2.000000 18732.000000 34852.000000 38819.000000 8.000000 92413.000000
9 2.000000 554.000000 50767.000000 40533.000000 9.000000 91865.000000
9 2.000000 171.000000 101552.000000 59775.000000 7.000000 161507.000000
9 2.000000 6139.000000 56455.000000 39469.000000 11.000000 102076.000000
9 2.000000 171.000000 -929198.000000 45623.000000 9.000000 -883393.000000
9 2.000000 1135.000000 75244.000000 45711.000000 10.000000 122102.000000
9 2.000000 9132.000000 60218.000000 41126.000000 9.000000 110487.000000
9 2.000000 550.000000 65353.000000 39435.000000 6.000000 105346.000000
9 3.000000 542.000000 51123.000000 38406.000000 8.000000 90082.000000
9 2.000000 1750.000000 48650.000000 40505.000000 8.000000 90915.000000
9 2.000000 606.000000 49719.000000 39207.000000 8.000000 89542.000000
9 2.000000 221.000000 51867.000000 41160.000000 10.000000 93260.000000
9 2.000000 1205.000000 64143.000000 40005.000000 10.000000 105365.000000
9 2.000000 593.000000 68235.000000 42882.000000 9.000000 111721.000000
9 2.000000 6001.000000 51121.000000 43723.000000 9.000000 100856.000000
9 2.000000 3825.000000 50391.000000 43658.000000 9.000000 97885.000000
9 2.000000 2529.000000 48340.000000 37181.000000 9.000000 88061.000000
9 2.000000 1812.000000 48375.000000 41271.000000 10.000000 91470.000000
9 2.000000 1195.000000 56743.000000 41239.000000 7.000000 99186.000000
9 3.000000 583.000000 61550.000000 38682.000000 8.000000 100826.000000
9 2.000000 3137.000000 59439.000000 40729.000000 9.000000 103316.000000
9 2.000000 12610.000000 40842.000000 38068.000000 8.000000 91530.000000
9 3.000000 267.000000 54364.000000 41438.000000 9.000000 96081.000000
9 3.000000 537.000000 -942399.000000 38706.000000 8.000000 -903145.000000
9 2.000000 10937.000000 -952891.000000 42319.000000 8.000000 -899625.000000
9 2.000000 220.000000 52105.000000 -961615.000000 8.000000 -909280.000000
9 1.000000 16530.000000 32209.000000 40707.000000 10.000000 89457.000000
9 2.000000 22288.000000 29408.000000 42662.000000 11.000000 94371.000000
9 2.000000 2977.000000 45801.000000 40678.000000 8.000000 89466.000000
9 3.000000 4682.000000 46680.000000 39918.000000 10.000000 91293.000000
9 3.000000 10708.000000 45870.000000 36170.000000 8.000000 92759.000000
9 3.000000 146.000000 48789.000000 -958183.000000 10.000000 -909235.000000
9 2.000000 885.000000 63542.000000 40247.000000 9.000000 104685.000000
9 2.000000 590.000000 60902.000000 -959383.000000 8.000000 -897881.000000
9 1.000000 19145.000000 27622.000000 37943.000000 8.000000 84719.000000
9 3.000000 2282.000000 41469.000000 36541.000000 8.000000 80303.000000
9 2.000000 3009.000000 44499.000000 38806.000000 8.000000 86324.000000
9 2.000000 10370.000000 44226.000000 41476.000000 8.000000 96082.000000
9 1.000000 8852.000000 36417.000000 42487.000000 8.000000 87765.000000
9 2.000000 757.000000 42893.000000 41634.000000 7.000000 85293.000000
9 3.000000 4871.000000 40169.000000 40819.000000 8.000000 85870.000000
9 3.000000 15701.000000 27029.000000 38740.000000 7.000000 81480.000000
9 2.000000 4557.000000 40905.000000 36840.000000 8.000000 82312.000000
9 2.000000 1288.000000 42384.000000 39932.000000 10.000000 83616.000000
9 3.000000 1590.000000 43272.000000 41647.000000 7.000000 86519.000000
9 1.000000 1717.000000 42953.000000 37978.000000 9.000000 82658.000000
9 2.000000 2615.000000 40848.000000 39153.000000 8.000000 82626.000000
9 2.000000 205.000000 43665.000000 41873.000000 8.000000 85753.000000
9 2.000000 3007.000000 41051.000000 39463.000000 9.000000 83532.000000
9 2.000000 3834.000000 41164.000000 37425.000000 7.000000 82432.000000
9 2.000000 3677.000000 42103.000000 42796.000000 7.000000 88585.000000
9 2.000000 12108.000000 31730.000000 39942.000000 7.000000 83789.000000
