12 5.000000 47254.000000 42714.000000 60602.000000 6.000000 150581.000000
12 1.000000 546.000000 52879.000000 -947839.000000 7.000000 -894406.000000
12 2.000000 12095.000000 35765.000000 53044.000000 6.000000 100912.000000
12 2.000000 552.000000 53824.000000 52997.000000 7.000000 107382.000000
12 1.000000 178.000000 64768.000000 52286.000000 8.000000 117241.000000
12 1.000000 1828.000000 56085.000000 53168.000000 7.000000 111089.000000
12 1.000000 15165.000000 27002.000000 48548.000000 7.000000 90723.000000
12 1.000000 15292.000000 40827.000000 54125.000000 7.000000 110252.000000
12 2.000000 865.000000 41593.000000 -948678.000000 8.000000 -906210.000000
12 2.000000 13884.000000 28842.000000 50531.000000 8.000000 93267.000000
12 1.000000 11015.000000 38417.000000 51880.000000 7.000000 101320.000000
12 2.000000 766.000000 44353.000000 51286.000000 8.000000 96415.000000
12 2.000000 23513.000000 23158.000000 51496.000000 9.000000 98178.000000
12 2.000000 19646.000000 32313.000000 48709.000000 8.000000 100678.000000
12 2.000000 18820.000000 25881.000000 49513.000000 7.000000 94223.000000
12 2.000000 7150.000000 42115.000000 52272.000000 8.000000 101547.000000
12 2.000000 11680.000000 39551.000000 57996.000000 8.000000 109237.000000
12 3.000000 17461.000000 34261.000000 51864.000000 8.000000 103597.000000
12 2.000000 17832.000000 29310.000000 54710.000000 8.000000 101862.000000
12 2.000000 12821.000000 38050.000000 51696.000000 8.000000 102577.000000
12 2.000000 7483.000000 39986.000000 50224.000000 7.000000 97702.000000
12 2.000000 11472.000000 48639.000000 51017.000000 7.000000 111137.000000
12 2.000000 11008.000000 31451.000000 50840.000000 7.000000 93308.000000
12 2.000000 2439.000000 44560.000000 50874.000000 9.000000 97884.000000
12 2.000000 6277.000000 42402.000000 -950801.000000 7.000000 -902113.000000
12 2.000000 10168.000000 33762.000000 49628.000000 8.000000 93568.000000
12 2.000000 11974.000000 34035.000000 51402.000000 8.000000 97421.000000
12 2.000000 24755.000000 20614.000000 -950310.000000 7.000000 -904932.000000
12 2.000000 19408.000000 35066.000000 51777.000000 8.000000 106261.000000
12 2.000000 12464.000000 38950.000000 49444.000000 8.000000 100868.000000
12 2.000000 -995063.000000 40942.000000 52181.000000 7.000000 -901931.000000
12 2.000000 6184.000000 41176.000000 52713.000000 7.000000 100082.000000
12 2.000000 572.000000 52471.000000 49146.000000 9.000000 102200.000000
12 2.000000 6128.000000 39292.000000 50383.000000 8.000000 95813.000000
12 2.000000 19833.000000 27600.000000 52053.000000 7.000000 99495.000000
12 2.000000 11749.000000 36796.000000 52407.000000 9.000000 100963.000000
12 1.000000 13629.000000 37858.000000 49699.000000 8.000000 101195.000000
12 3.000000 14449.000000 39261.000000 54789.000000 8.000000 108510.000000
12 2.000000 8908.000000 45016.000000 56374.000000 8.000000 110308.000000
12 2.000000 2731.000000 40497.000000 51218.000000 9.000000 94457.000000
12 1.000000 15899.000000 31309.000000 -946073.000000 8.000000 -898856.000000
12 2.000000 1416.000000 41923.000000 50147.000000 7.000000 93495.000000
12 2.000000 11450.000000 34614.000000 52348.000000 8.000000 98422.000000
12 2.000000 10996.000000 42500.000000 52866.000000 7.000000 106371.000000
12 2.000000 1061.000000 41115.000000 49339.000000 7.000000 91524.000000
12 2.000000 8775.000000 36075.000000 53237.000000 7.000000 98096.000000
12 2.000000 6350.000000 44801.000000 53100.000000 7.000000 104260.000000
12 3.000000 6726.000000 38889.000000 51229.000000 6.000000 96853.000000
12 2.000000 4702.000000 37010.000000 46476.000000 8.000000 88198.000000
12 2.000000 20967.000000 26864.000000 49714.000000 8.000000 97555.000000
12 2.000000 22017.000000 53802.000000 58523.000000 6.000000 134350.000000
12 1.000000 15506.000000 45144.000000 54750.000000 8.000000 115409.000000
12 1.000000 639.000000 62732.000000 54802.000000 8.000000 118182.000000
12 2.000000 2453.000000 64690.000000 -945981.000000 7.000000 -878829.000000
12 2.000000 5574.000000 59272.000000 52995.000000 7.000000 117850.000000
12 2.000000 200.000000 63117.000000 -944162.000000 10.000000 -880833.000000
12 2.000000 13591.000000 32499.000000 51919.000000 8.000000 98019.000000
12 2.000000 984.000000 42819.000000 57745.000000 8.000000 101558.000000
12 2.000000 1764.000000 54268.000000 51472.000000 9.000000 107515.000000
12 1.000000 23111.000000 33719.000000 51820.000000 8.000000 108659.000000
12 2.000000 17132.000000 29003.000000 53178.000000 8.000000 99323.000000
12 2.000000 20653.000000 24476.000000 53040.000000 10.000000 98181.000000
12 2.000000 1096.000000 42244.000000 49960.000000 8.000000 93310.000000
12 2.000000 27515.000000 42787.000000 50503.000000 11.000000 120818.000000
12 2.000000 21083.000000 26872.000000 50959.000000 7.000000 98923.000000
12 2.000000 -975383.000000 26762.000000 51758.000000 8.000000 -896853.000000
12 3.000000 29267.000000 21331.000000 54166.000000 7.000000 104774.000000
12 1.000000 7872.000000 38115.000000 50747.000000 9.000000 96744.000000
12 2.000000 9114.000000 36907.000000 48734.000000 7.000000 94764.000000
12 2.000000 7375.000000 46407.000000 49068.000000 7.000000 102859.000000
12 2.000000 4282.000000 42918.000000 49928.000000 7.000000 97137.000000
12 2.000000 768.000000 42934.000000 -950547.000000 7.000000 -906836.000000
12 2.000000 14949.000000 34909.000000 51544.000000 8.000000 101412.000000
12 2.000000 572.000000 58182.000000 51692.000000 8.000000 110456.000000
12 3.000000 9016.000000 42861.000000 50795.000000 9.000000 102684.000000
12 2.000000 686.000000 50319.000000 58094.000000 10.000000 109111.000000
12 2.000000 20638.000000 30872.000000 48405.000000 9.000000 99926.000000
12 3.000000 16296.000000 50915.000000 51661.000000 7.000000 118882.000000
12 2.000000 24055.000000 21889.000000 50712.000000 8.000000 96666.000000
12 2.000000 777.000000 46224.000000 53410.000000 10.000000 100423.000000
12 1.000000 5538.000000 -958867.000000 53805.000000 9.000000 -899514.000000
12 2.000000 1306.000000 44635.000000 50836.000000 7.000000 96786.000000
12 2.000000 9455.000000 43206.000000 52770.000000 9.000000 105442.000000
12 3.000000 9704.000000 43752.000000 56188.000000 7.000000 109654.000000
12 2.000000 11865.000000 35891.000000 50171.000000 8.000000 97937.000000
12 2.000000 8640.000000 39150.000000 51939.000000 8.000000 99739.000000
12 2.000000 15079.000000 27419.000000 50025.000000 7.000000 92532.000000
12 3.000000 17849.000000 36168.000000 51543.000000 8.000000 105571.000000
12 2.000000 7494.000000 42395.000000 52819.000000 8.000000 102718.000000
12 3.000000 8636.000000 47236.000000 56231.000000 8.000000 112114.000000
12 2.000000 1690.000000 45213.000000 51347.000000 8.000000 98260.000000
12 3.000000 1675.000000 47138.000000 52091.000000 8.000000 100915.000000
12 2.000000 10619.000000 36634.000000 49911.000000 8.000000 97174.000000
12 2.000000 16244.000000 31795.000000 54342.000000 9.000000 102392.000000
12 2.000000 2499.000000 41235.000000 50244.000000 7.000000 93987.000000
12 2.000000 21275.000000 45061.000000 52444.000000 8.000000 118790.000000
12 2.000000 12487.000000 45972.000000 51943.000000 9.000000 110413.000000
12 2.000000 10527.000000 36810.000000 48520.000000 8.000000 95867.000000
12 2.000000 16485.000000 49549.000000 -947920.000000 9.000000 -881875.000000
12 2.000000 1136.000000 42555.000000 52628.000000 8.000000 96329.000000
