10 1.000000 177.000000 72265.000000 56186.000000 6.000000 128635.000000
10 2.000000 171.000000 76938.000000 49645.000000 11.000000 126767.000000
10 1.000000 601.000000 49399.000000 43907.000000 9.000000 93917.000000
10 2.000000 6872.000000 42712.000000 44759.000000 8.000000 94353.000000
10 2.000000 1014.000000 -941750.000000 47003.000000 11.000000 -893720.000000
10 2.000000 12448.000000 45876.000000 44383.000000 10.000000 102719.000000
10 2.000000 14179.000000 29494.000000 41447.000000 7.000000 85129.000000
10 2.000000 376.000000 42464.000000 44492.000000 7.000000 87341.000000
10 2.000000 771.000000 49714.000000 43798.000000 9.000000 94294.000000
10 1.000000 14932.000000 29401.000000 47189.000000 9.000000 91532.000000
10 3.000000 1005.000000 43047.000000 44008.000000 8.000000 88071.000000
10 2.000000 6614.000000 43118.000000 44553.000000 7.000000 94294.000000
10 2.000000 10942.000000 36259.000000 44677.000000 9.000000 91889.000000
10 2.000000 19084.000000 25096.000000 -954733.000000 8.000000 -910543.000000
10 2.000000 11490.000000 32221.000000 43654.000000 7.000000 87374.000000
10 2.000000 4068.000000 41242.000000 43264.000000 9.000000 88585.000000
10 2.000000 15555.000000 29137.000000 42788.000000 8.000000 87490.000000
10 2.000000 16748.000000 30115.000000 41325.000000 7.000000 88197.000000
10 2.000000 954.000000 43474.000000 43487.000000 8.000000 87925.000000
10 2.000000 2499.000000 43345.000000 44200.000000 7.000000 90053.000000
10 1.000000 4033.000000 42774.000000 38493.000000 8.000000 85309.000000
10 2.000000 2479.000000 46264.000000 45057.000000 8.000000 93810.000000
10 2.000000 15236.000000 28944.000000 42735.000000 7.000000 86924.000000
10 2.000000 2040.000000 41833.000000 40601.000000 6.000000 84482.000000
10 2.000000 3191.000000 41305.000000 43737.000000 7.000000 88242.000000
10 2.000000 14413.000000 27281.000000 41109.000000 8.000000 82813.000000
10 2.000000 2909.000000 40165.000000 42987.000000 6.000000 86069.000000
10 2.000000 1084.000000 42124.000000 41223.000000 6.000000 84439.000000
10 2.000000 940.000000 43875.000000 44333.000000 9.000000 89159.000000
10 2.000000 4256.000000 42715.000000 43015.000000 8.000000 89996.000000
10 2.000000 4985.000000 41325.000000 45146.000000 6.000000 91464.000000
10 3.000000 12483.000000 30883.000000 44876.000000 8.000000 88253.000000
10 2.000000 1129.000000 -954225.000000 43724.000000 7.000000 -909363.000000
10 2.000000 11037.000000 34157.000000 48004.000000 9.000000 93209.000000
10 2.000000 4001.000000 41877.000000 42671.000000 7.000000 88558.000000
10 2.000000 16940.000000 28269.000000 40458.000000 8.000000 85677.000000
10 2.000000 12053.000000 33602.000000 45132.000000 8.000000 90797.000000
10 1.000000 1522.000000 41392.000000 41073.000000 8.000000 83996.000000
10 2.000000 10906.000000 35149.000000 45609.000000 8.000000 91674.000000
10 2.000000 356.000000 41525.000000 43217.000000 7.000000 85107.000000
10 2.000000 3446.000000 42515.000000 43296.000000 7.000000 89266.000000
10 2.000000 19348.000000 30421.000000 41408.000000 7.000000 91186.000000
10 2.000000 15781.000000 36927.000000 44226.000000 8.000000 96944.000000
10 2.000000 5765.000000 39455.000000 41633.000000 8.000000 86863.000000
10 2.000000 3439.000000 42349.000000 41724.000000 7.000000 87521.000000
10 2.000000 573.000000 41561.000000 -957695.000000 9.000000 -915550.000000
10 2.000000 2881.000000 41951.000000 48674.000000 7.000000 93515.000000
10 2.000000 16554.000000 27446.000000 41564.000000 8.000000 85574.000000
10 2.000000 10427.000000 36870.000000 42028.000000 12.000000 89339.000000
10 2.000000 3909.000000 41494.000000 45301.000000 7.000000 90713.000000
10 1.000000 149.000000 111030.000000 51681.000000 6.000000 162867.000000
10 2.000000 224.000000 87693.000000 50924.000000 6.000000 138849.000000
10 2.000000 630.000000 60411.000000 43492.000000 8.000000 104543.000000
10 2.000000 2389.000000 56620.000000 45208.000000 8.000000 104227.000000
10 2.000000 8501.000000 51347.000000 45389.000000 11.000000 105250.000000
10 2.000000 4598.000000 69584.000000 49555.000000 10.000000 123749.000000
10 3.000000 10990.000000 47536.000000 45203.000000 9.000000 103741.000000
10 3.000000 4711.000000 41360.000000 43122.000000 8.000000 89204.000000
10 2.000000 18235.000000 37707.000000 44264.000000 9.000000 100217.000000
10 1.000000 3684.000000 51236.000000 42474.000000 8.000000 97403.000000
10 2.000000 1068.000000 41981.000000 43382.000000 8.000000 86441.000000
10 2.000000 570.000000 46971.000000 45538.000000 7.000000 93088.000000
10 1.000000 688.000000 43126.000000 44104.000000 8.000000 87927.000000
10 2.000000 2385.000000 48569.000000 41914.000000 8.000000 92878.000000
10 1.000000 5944.000000 44059.000000 44382.000000 9.000000 94395.000000
10 2.000000 19852.000000 30514.000000 40613.000000 7.000000 90988.000000
10 3.000000 18168.000000 31571.000000 47321.000000 8.000000 97071.000000
10 2.000000 6226.000000 39440.000000 -958211.000000 7.000000 -912536.000000
10 3.000000 2234.000000 46747.000000 46025.000000 7.000000 95016.000000
10 2.000000 3042.000000 42374.000000 43281.000000 9.000000 88708.000000
10 1.000000 19696.000000 23067.000000 40850.000000 8.000000 83622.000000
10 2.000000 1121.000000 41067.000000 43635.000000 7.000000 85832.000000
10 2.000000 5990.000000 42034.000000 41471.000000 6.000000 89503.000000
10 2.000000 19632.000000 30163.000000 42381.000000 9.000000 92187.000000
10 3.000000 1254.000000 44047.000000 43063.000000 8.000000 88375.000000
10 2.000000 19757.000000 29991.000000 47965.000000 9.000000 97724.000000
10 2.000000 17662.000000 30465.000000 45436.000000 8.000000 93573.000000
10 2.000000 5777.000000 43889.000000 45337.000000 8.000000 95013.000000
10 2.000000 8282.000000 56532.000000 45397.000000 9.000000 110222.000000
10 2.000000 11506.000000 31657.000000 41570.000000 8.000000 84743.000000
10 2.000000 580.000000 55632.000000 43460.000000 8.000000 99682.000000
10 2.000000 16955.000000 26971.000000 46226.000000 8.000000 90162.000000
10 2.000000 20836.000000 26623.000000 52031.000000 7.000000 99499.000000
10 3.000000 14377.000000 28246.000000 43577.000000 9.000000 86212.000000
10 2.000000 4733.000000 43065.000000 45019.000000 7.000000 92826.000000
10 2.000000 384.000000 42971.000000 42641.000000 8.000000 86006.000000
10 2.000000 6820.000000 41882.000000 40931.000000 8.000000 89643.000000
10 1.000000 6394.000000 43825.000000 40274.000000 8.000000 90502.000000
10 3.000000 10775.000000 34331.000000 42116.000000 9.000000 87234.000000
10 2.000000 634.000000 51554.000000 41615.000000 8.000000 93813.000000
10 1.000000 4849.000000 44858.000000 -955720.000000 7.000000 -906005.000000
10 2.000000 1517.000000 45921.000000 41395.000000 7.000000 88842.000000
10 2.000000 2372.000000 42720.000000 42437.000000 16.000000 87547.000000
10 2.000000 18154.000000 30153.000000 44164.000000 8.000000 92481.000000
10 2.000000 693.000000 42495.000000 41359.000000 10.000000 84559.000000
10 2.000000 13149.000000 31682.000000 42720.000000 7.000000 87560.000000
10 3.000000 5466.000000 38953.000000 43042.000000 8.000000 87472.000000
10 3.000000 4512.000000 43306.000000 43489.000000 8.000000 91318.000000
10 3.000000 12149.000000 32432.000000 42176.000000 8.000000 86768.000000
10 2.000000 9737.000000 35165.000000 43127.000000 7.000000 88038.000000
