1 2.77 33.53 1588.74 1.43 2.04 1628.51
2 2.71 94.46 1518.07 17.74 1.04706 1633.87
3 2.66 183.19 1488.78 22.77 1.07865 1699.44
4 2.53 78.18 1467.63 30.09 1.41837 1579.82
5 2.66 103.46 1245.96 31.13 1.07059 1384.12
6 2.92 137.33 1763.23 38.32 1.06522 1942.78
7 2.51 114.01 1857.46 41.95 1.10227 2016.68
8 3.82 140.74 1666.23 47.86 1.1383 1859.72
9 2.68 168.47 1447.68 51.55 1.15625 1671.49
10 2.72 168.667 2089.96 57.1 1.13542 2335.64
11 2.54 208.1 1866.27 63.99 1.10638 2141.94
12 2.51 211.2 1782.35 68.38 2.08333 2066.44
