1 1.82 59.42 16759.1 98.23 3.53 16922.2
2 1.94 76.93 10823.3 1292.43 2.96 12200.4
3 2.07 201.67 10217.8 1737.9 3.3 12160.4
4 2.05 448.35 10960.2 2267.49 3.83 13681.9
5 1.93 1055.2 10302.8 2862.57 3.85 14281.8
6 2.03 1341.21 9382.24 3197.78 3.81 13920.2
7 2.11 1395.43 9761.65 3613.8 4.04 14803.3
8 2.03 1574.55 8916.09 4211.26 3.97 14714.5
9 2.13 2798.94 8842.65 4723.38 4.34 16462.1
10 2.14 2186.08 8578.79 5190.05 5.46 15962.5
11 2.12 2345.35 9359.87 5863.22 4.22 17648.8
12 2.05 3153.72 8506.44 6250.36 4.42 17943.8
