8 1.000000 1166.000000 10512.000000 4077.000000 3.000000 15759.000000
8 2.000000 146.000000 8717.000000 5191.000000 3.000000 14059.000000
8 1.000000 129.000000 8896.000000 4233.000000 4.000000 13263.000000
8 1.000000 153.000000 10762.000000 4351.000000 3.000000 15270.000000
8 1.000000 113.000000 18748.000000 4249.000000 4.000000 23115.000000
8 1.000000 95.000000 17958.000000 4000.000000 4.000000 22058.000000
8 1.000000 151.000000 13256.000000 4039.000000 3.000000 17450.000000
8 1.000000 134.000000 14106.000000 4168.000000 4.000000 18413.000000
8 1.000000 126.000000 8235.000000 4165.000000 3.000000 12530.000000
8 2.000000 145.000000 7538.000000 4155.000000 4.000000 11844.000000
8 2.000000 535.000000 11505.000000 4128.000000 2.000000 16172.000000
8 2.000000 179.000000 14408.000000 4106.000000 3.000000 18698.000000
8 3.000000 3863.000000 3956.000000 4023.000000 3.000000 11848.000000
8 2.000000 152.000000 8163.000000 4251.000000 3.000000 12571.000000
8 3.000000 150.000000 7995.000000 4134.000000 3.000000 12285.000000
8 2.000000 2575.000000 5608.000000 4094.000000 3.000000 12282.000000
8 1.000000 516.000000 6498.000000 3525.000000 2.000000 10542.000000
8 2.000000 2456.000000 4452.000000 3897.000000 3.000000 10810.000000
8 1.000000 511.000000 5426.000000 3549.000000 3.000000 9490.000000
8 1.000000 2947.000000 5586.000000 3412.000000 3.000000 11949.000000
8 2.000000 2302.000000 5000.000000 3725.000000 2.000000 11031.000000
8 1.000000 737.000000 4882.000000 3553.000000 2.000000 9175.000000
8 2.000000 506.000000 5334.000000 3713.000000 5.000000 9560.000000
8 1.000000 561.000000 5687.000000 3493.000000 3.000000 9745.000000
8 1.000000 23627.000000 19603.000000 3245.000000 2.000000 46478.000000
8 1.000000 2234.000000 4261.000000 3557.000000 1.000000 10054.000000
8 2.000000 2528.000000 4304.000000 4067.000000 4.000000 10905.000000
8 1.000000 2170.000000 4050.000000 3892.000000 3.000000 10116.000000
8 2.000000 2522.000000 4564.000000 4147.000000 3.000000 11238.000000
8 2.000000 3939.000000 2248.000000 3404.000000 3.000000 9596.000000
8 1.000000 2609.000000 3514.000000 4118.000000 2.000000 10244.000000
8 2.000000 204.000000 5790.000000 3380.000000 3.000000 9379.000000
8 2.000000 138.000000 28347.000000 4180.000000 3.000000 32670.000000
8 2.000000 408.000000 5156.000000 3448.000000 2.000000 9016.000000
8 2.000000 2711.000000 3473.000000 3920.000000 3.000000 10109.000000
8 2.000000 5778.000000 1862.000000 3357.000000 2.000000 11001.000000
8 1.000000 183.000000 5279.000000 3479.000000 2.000000 8944.000000
8 2.000000 3335.000000 3815.000000 3394.000000 2.000000 10548.000000
8 2.000000 1251.000000 5611.000000 3349.000000 2.000000 10215.000000
8 2.000000 202.000000 6389.000000 3772.000000 4.000000 10369.000000
8 2.000000 5836.000000 4022.000000 3320.000000 2.000000 13182.000000
8 1.000000 2373.000000 3310.000000 3506.000000 2.000000 9192.000000
8 2.000000 3839.000000 2735.000000 -996622.000000 2.000000 -990044.000000
8 2.000000 2678.000000 4896.000000 4126.000000 3.000000 11705.000000
8 2.000000 2142.000000 4988.000000 4141.000000 4.000000 11277.000000
8 2.000000 2682.000000 5784.000000 3327.000000 2.000000 11797.000000
8 2.000000 3522.000000 4059.000000 3388.000000 1.000000 10972.000000
8 2.000000 3703.000000 2180.000000 3493.000000 3.000000 9381.000000
8 2.000000 175.000000 5882.000000 3486.000000 2.000000 9547.000000
8 2.000000 2375.000000 3199.000000 3499.000000 2.000000 9077.000000
8 1.000000 146.000000 10751.000000 3999.000000 3.000000 14900.000000
8 2.000000 126.000000 8600.000000 4122.000000 3.000000 12853.000000
8 1.000000 172.000000 9082.000000 4165.000000 3.000000 13423.000000
8 2.000000 144.000000 25815.000000 4248.000000 3.000000 30212.000000
8 1.000000 5694.000000 5626.000000 4172.000000 3.000000 15496.000000
8 2.000000 556.000000 6244.000000 3657.000000 3.000000 10462.000000
8 2.000000 4143.000000 12026.000000 8989.000000 3.000000 25163.000000
8 1.000000 554.000000 12471.000000 4190.000000 2.000000 17218.000000
8 1.000000 142.000000 7051.000000 3425.000000 2.000000 10621.000000
8 2.000000 4240.000000 2814.000000 3345.000000 2.000000 10403.000000
8 1.000000 2438.000000 4466.000000 3418.000000 2.000000 10325.000000
8 2.000000 157.000000 8486.000000 4416.000000 4.000000 13065.000000
8 2.000000 2544.000000 3518.000000 4206.000000 4.000000 10274.000000
8 2.000000 498.000000 6712.000000 5080.000000 4.000000 12296.000000
8 3.000000 154.000000 8740.000000 3708.000000 3.000000 12608.000000
8 2.000000 2437.000000 4472.000000 3398.000000 3.000000 10312.000000
8 2.000000 2517.000000 4841.000000 3379.000000 2.000000 10741.000000
8 2.000000 3725.000000 5411.000000 3943.000000 3.000000 13084.000000
8 1.000000 4587.000000 2678.000000 3539.000000 2.000000 10807.000000
8 2.000000 198.000000 5880.000000 3482.000000 3.000000 9565.000000
8 2.000000 575.000000 5626.000000 3381.000000 3.000000 9587.000000
8 1.000000 2462.000000 8741.000000 3516.000000 3.000000 14723.000000
8 2.000000 848.000000 5525.000000 4149.000000 2.000000 10526.000000
8 1.000000 177.000000 9999.000000 4248.000000 3.000000 14428.000000
8 2.000000 604.000000 5517.000000 3350.000000 2.000000 9475.000000
8 1.000000 2707.000000 3448.000000 4132.000000 3.000000 10291.000000
8 2.000000 1137.000000 8001.000000 3534.000000 4.000000 12678.000000
8 1.000000 2327.000000 9380.000000 4288.000000 3.000000 15999.000000
8 2.000000 3731.000000 5192.000000 4125.000000 4.000000 13054.000000
8 1.000000 149.000000 15878.000000 4075.000000 2.000000 20105.000000
8 2.000000 2113.000000 3775.000000 4112.000000 2.000000 10004.000000
8 2.000000 3440.000000 4034.000000 4304.000000 3.000000 11783.000000
8 2.000000 4295.000000 4316.000000 3406.000000 2.000000 12021.000000
8 1.000000 141.000000 9686.000000 4192.000000 4.000000 14024.000000
8 2.000000 4822.000000 2669.000000 3364.000000 1.000000 10858.000000
8 2.000000 3468.000000 4024.000000 4145.000000 4.000000 11643.000000
8 2.000000 2136.000000 3876.000000 3999.000000 2.000000 10015.000000
8 3.000000 165.000000 13930.000000 3496.000000 3.000000 17597.000000
8 2.000000 3065.000000 4229.000000 3381.000000 2.000000 10679.000000
8 2.000000 214.000000 5445.000000 3959.000000 2.000000 9622.000000
8 3.000000 1038.000000 6472.000000 4168.000000 4.000000 11685.000000
8 2.000000 190.000000 6111.000000 3347.000000 2.000000 9652.000000
8 2.000000 504.000000 7011.000000 3339.000000 2.000000 10858.000000
8 2.000000 3620.000000 3871.000000 4772.000000 2.000000 12267.000000
8 3.000000 203.000000 8289.000000 5262.000000 4.000000 13761.000000
8 2.000000 2005.000000 3691.000000 4049.000000 2.000000 9749.000000
8 2.000000 562.000000 5016.000000 3549.000000 4.000000 9133.000000
8 2.000000 195.000000 12929.000000 4180.000000 5.000000 17311.000000
8 2.000000 4397.000000 1804.000000 3515.000000 3.000000 9721.000000
8 2.000000 7681.000000 5025.000000 4095.000000 4.000000 16807.000000
