7 3.000000 109.000000 350.000000 39.000000 1.000000 502.000000
7 2.000000 112.000000 486.000000 41.000000 1.000000 642.000000
7 3.000000 113.000000 323.000000 43.000000 0.000000 482.000000
7 4.000000 115.000000 6783.000000 45.000000 2.000000 6949.000000
7 2.000000 106.000000 347.000000 39.000000 0.000000 494.000000
7 4.000000 121.000000 2325.000000 43.000000 1.000000 2494.000000
7 2.000000 95.000000 307.000000 38.000000 1.000000 443.000000
7 2.000000 98.000000 322.000000 37.000000 0.000000 459.000000
7 4.000000 122.000000 304.000000 40.000000 1.000000 471.000000
7 6.000000 106.000000 6250.000000 42.000000 2.000000 6406.000000
7 2.000000 119.000000 380.000000 45.000000 1.000000 547.000000
7 2.000000 100.000000 2844.000000 44.000000 1.000000 2991.000000
7 5.000000 127.000000 399.000000 44.000000 1.000000 576.000000
7 3.000000 98.000000 325.000000 45.000000 1.000000 472.000000
7 3.000000 101.000000 335.000000 43.000000 1.000000 483.000000
7 2.000000 101.000000 319.000000 42.000000 1.000000 465.000000
7 1.000000 468.000000 308.000000 36.000000 1.000000 814.000000
7 2.000000 99.000000 5766.000000 45.000000 2.000000 5914.000000
7 3.000000 131.000000 389.000000 38.000000 1.000000 562.000000
7 3.000000 109.000000 330.000000 41.000000 1.000000 484.000000
7 2.000000 155.000000 334.000000 44.000000 1.000000 536.000000
7 2.000000 937.000000 2313.000000 42.000000 2.000000 3296.000000
7 2.000000 115.000000 1126.000000 39.000000 1.000000 1283.000000
7 3.000000 111.000000 1194.000000 45.000000 1.000000 1354.000000
7 2.000000 118.000000 253.000000 46.000000 1.000000 420.000000
7 2.000000 104.000000 326.000000 42.000000 1.000000 475.000000
7 2.000000 105.000000 1081.000000 563.000000 3.000000 1754.000000
7 5.000000 109.000000 369.000000 43.000000 1.000000 527.000000
7 2.000000 745.000000 238.000000 43.000000 1.000000 1029.000000
7 2.000000 102.000000 160.000000 35.000000 1.000000 300.000000
7 3.000000 102.000000 344.000000 38.000000 1.000000 488.000000
7 3.000000 113.000000 5177.000000 45.000000 2.000000 5340.000000
7 2.000000 100.000000 340.000000 42.000000 1.000000 485.000000
7 3.000000 105.000000 331.000000 40.000000 1.000000 480.000000
7 2.000000 96.000000 382.000000 39.000000 2.000000 521.000000
7 3.000000 621.000000 3488.000000 45.000000 2.000000 4159.000000
7 2.000000 462.000000 344.000000 38.000000 2.000000 848.000000
7 3.000000 101.000000 5062.000000 45.000000 1.000000 5212.000000
7 2.000000 132.000000 315.000000 44.000000 1.000000 494.000000
7 2.000000 105.000000 331.000000 40.000000 1.000000 479.000000
7 2.000000 95.000000 326.000000 38.000000 1.000000 462.000000
7 3.000000 104.000000 323.000000 41.000000 1.000000 472.000000
7 3.000000 108.000000 559.000000 42.000000 0.000000 712.000000
7 2.000000 203.000000 151.000000 38.000000 1.000000 395.000000
7 3.000000 107.000000 447.000000 39.000000 1.000000 597.000000
7 3.000000 105.000000 4682.000000 41.000000 1.000000 4832.000000
7 2.000000 101.000000 465.000000 42.000000 1.000000 611.000000
7 2.000000 92.000000 326.000000 37.000000 0.000000 457.000000
7 4.000000 148.000000 4159.000000 37.000000 1.000000 4349.000000
7 3.000000 106.000000 343.000000 39.000000 1.000000 492.000000
7 3.000000 111.000000 2325.000000 42.000000 2.000000 2483.000000
7 2.000000 116.000000 8921.000000 44.000000 2.000000 9085.000000
7 3.000000 117.000000 393.000000 37.000000 1.000000 551.000000
7 3.000000 132.000000 3326.000000 46.000000 1.000000 3508.000000
7 3.000000 529.000000 581.000000 50.000000 1.000000 1164.000000
7 3.000000 98.000000 306.000000 40.000000 1.000000 448.000000
7 2.000000 116.000000 358.000000 42.000000 1.000000 519.000000
7 2.000000 110.000000 6294.000000 47.000000 1.000000 6454.000000
7 10.000000 167.000000 3416.000000 72.000000 4.000000 3669.000000
7 2.000000 162.000000 374.000000 42.000000 0.000000 580.000000
7 4.000000 122.000000 355.000000 40.000000 1.000000 522.000000
7 2.000000 90.000000 237.000000 44.000000 1.000000 374.000000
7 3.000000 97.000000 314.000000 41.000000 1.000000 456.000000
7 2.000000 109.000000 310.000000 42.000000 1.000000 464.000000
7 3.000000 104.000000 1143.000000 38.000000 1.000000 1289.000000
7 4.000000 126.000000 1522.000000 43.000000 1.000000 1696.000000
7 3.000000 106.000000 351.000000 43.000000 1.000000 504.000000
7 4.000000 102.000000 345.000000 44.000000 1.000000 496.000000
7 3.000000 103.000000 335.000000 39.000000 1.000000 481.000000
7 3.000000 106.000000 337.000000 44.000000 1.000000 491.000000
7 2.000000 114.000000 343.000000 36.000000 1.000000 496.000000
7 2.000000 101.000000 327.000000 42.000000 1.000000 473.000000
7 3.000000 113.000000 3301.000000 39.000000 1.000000 3457.000000
7 3.000000 110.000000 337.000000 42.000000 1.000000 493.000000
7 3.000000 97.000000 306.000000 39.000000 1.000000 446.000000
7 3.000000 122.000000 375.000000 39.000000 1.000000 540.000000
7 2.000000 92.000000 324.000000 41.000000 0.000000 459.000000
7 2.000000 132.000000 1812.000000 41.000000 1.000000 1988.000000
7 4.000000 114.000000 361.000000 38.000000 1.000000 518.000000
7 4.000000 108.000000 4109.000000 43.000000 2.000000 4266.000000
7 4.000000 112.000000 3159.000000 42.000000 1.000000 3318.000000
7 3.000000 106.000000 334.000000 41.000000 1.000000 485.000000
7 2.000000 97.000000 326.000000 37.000000 1.000000 463.000000
7 2.000000 103.000000 373.000000 42.000000 1.000000 521.000000
7 2.000000 102.000000 437.000000 43.000000 1.000000 585.000000
7 2.000000 101.000000 322.000000 38.000000 1.000000 464.000000
7 3.000000 111.000000 8874.000000 42.000000 1.000000 9031.000000
7 2.000000 117.000000 365.000000 42.000000 1.000000 527.000000
7 2.000000 98.000000 319.000000 41.000000 1.000000 461.000000
7 3.000000 119.000000 394.000000 39.000000 1.000000 556.000000
7 3.000000 118.000000 8335.000000 43.000000 1.000000 8500.000000
7 2.000000 105.000000 313.000000 40.000000 1.000000 461.000000
7 3.000000 104.000000 339.000000 38.000000 1.000000 485.000000
7 2.000000 96.000000 324.000000 40.000000 0.000000 462.000000
7 3.000000 731.000000 41219.000000 53.000000 2.000000 42008.000000
7 5.000000 140.000000 399.000000 38.000000 1.000000 583.000000
7 5.000000 125.000000 398.000000 40.000000 1.000000 569.000000
7 4.000000 120.000000 2062.000000 38.000000 2.000000 2226.000000
7 3.000000 102.000000 315.000000 38.000000 1.000000 459.000000
7 3.000000 109.000000 367.000000 44.000000 0.000000 523.000000
