3 1.000000 76.000000 2516.000000 160.000000 1.000000 2754.000000
3 1.000000 58.000000 2404.000000 180.000000 0.000000 2643.000000
3 0.000000 67.000000 5078.000000 1428.000000 3.000000 6576.000000
3 0.000000 62.000000 1529.000000 189.000000 2.000000 1782.000000
3 0.000000 82.000000 1687.000000 172.000000 1.000000 1942.000000
3 1.000000 64.000000 1850.000000 230.000000 1.000000 2146.000000
3 1.000000 65.000000 3364.000000 174.000000 1.000000 3605.000000
3 0.000000 65.000000 13487.000000 178.000000 1.000000 13731.000000
3 1.000000 69.000000 1721.000000 185.000000 1.000000 1977.000000
3 0.000000 69.000000 3236.000000 158.000000 1.000000 3464.000000
3 1.000000 73.000000 3002.000000 179.000000 1.000000 3256.000000
3 1.000000 73.000000 1511.000000 181.000000 1.000000 1767.000000
3 1.000000 61.000000 2642.000000 193.000000 2.000000 2899.000000
3 1.000000 63.000000 2744.000000 250.000000 1.000000 3059.000000
3 1.000000 66.000000 1606.000000 174.000000 2.000000 1849.000000
3 1.000000 67.000000 4063.000000 173.000000 1.000000 4305.000000
3 1.000000 78.000000 4687.000000 164.000000 1.000000 4931.000000
3 1.000000 71.000000 2159.000000 175.000000 2.000000 2408.000000
3 1.000000 80.000000 1867.000000 182.000000 1.000000 2131.000000
3 2.000000 72.000000 3614.000000 179.000000 1.000000 3868.000000
3 1.000000 75.000000 9712.000000 176.000000 2.000000 9966.000000
3 1.000000 68.000000 1946.000000 186.000000 1.000000 2202.000000
3 0.000000 67.000000 2036.000000 175.000000 2.000000 2280.000000
3 0.000000 66.000000 3129.000000 181.000000 2.000000 3378.000000
3 1.000000 70.000000 1562.000000 177.000000 1.000000 1811.000000
3 1.000000 81.000000 2905.000000 187.000000 1.000000 3175.000000
3 1.000000 60.000000 2924.000000 191.000000 1.000000 3177.000000
3 1.000000 10763.000000 1583.000000 174.000000 0.000000 12521.000000
3 1.000000 64.000000 3667.000000 177.000000 1.000000 3910.000000
3 1.000000 82.000000 2911.000000 183.000000 1.000000 3178.000000
3 1.000000 70.000000 4669.000000 165.000000 2.000000 4907.000000
3 1.000000 79.000000 2589.000000 180.000000 2.000000 2851.000000
3 2.000000 65.000000 4482.000000 170.000000 1.000000 4720.000000
3 1.000000 61.000000 1553.000000 194.000000 1.000000 1810.000000
3 1.000000 86.000000 2117.000000 156.000000 2.000000 2362.000000
3 1.000000 67.000000 1453.000000 187.000000 2.000000 1710.000000
3 1.000000 63.000000 1584.000000 172.000000 1.000000 1821.000000
3 1.000000 73.000000 1294.000000 181.000000 1.000000 1550.000000
3 1.000000 61.000000 1838.000000 169.000000 2.000000 2071.000000
3 0.000000 66.000000 1897.000000 194.000000 2.000000 2159.000000
3 1.000000 64.000000 1483.000000 171.000000 1.000000 1720.000000
3 1.000000 76.000000 5306.000000 196.000000 2.000000 5581.000000
3 2.000000 68.000000 1595.000000 188.000000 1.000000 1854.000000
3 1.000000 70.000000 1415.000000 157.000000 1.000000 1644.000000
3 1.000000 76.000000 1402.000000 171.000000 2.000000 1652.000000
3 1.000000 53.000000 6567.000000 163.000000 2.000000 6786.000000
3 1.000000 69.000000 1835.000000 191.000000 1.000000 2097.000000
3 1.000000 71.000000 1306.000000 172.000000 1.000000 1551.000000
3 1.000000 70.000000 1458.000000 180.000000 1.000000 1710.000000
3 2.000000 74.000000 1538.000000 187.000000 1.000000 1802.000000
3 1.000000 60.000000 1587.000000 188.000000 1.000000 1837.000000
3 0.000000 61.000000 1473.000000 186.000000 1.000000 1721.000000
3 1.000000 68.000000 1485.000000 172.000000 2.000000 1728.000000
3 2.000000 62.000000 1554.000000 177.000000 2.000000 1797.000000
3 1.000000 58.000000 1361.000000 171.000000 1.000000 1592.000000
3 1.000000 78.000000 1060.000000 168.000000 1.000000 1308.000000
3 1.000000 54.000000 1501.000000 185.000000 1.000000 1742.000000
3 0.000000 58.000000 1521.000000 186.000000 1.000000 1766.000000
3 1.000000 52.000000 1564.000000 175.000000 1.000000 1793.000000
3 1.000000 55.000000 1291.000000 170.000000 1.000000 1518.000000
3 1.000000 58.000000 1494.000000 188.000000 1.000000 1742.000000
3 1.000000 57.000000 1443.000000 165.000000 1.000000 1667.000000
3 1.000000 62.000000 1375.000000 163.000000 1.000000 1602.000000
3 1.000000 115.000000 1359.000000 190.000000 1.000000 1666.000000
3 0.000000 63.000000 1350.000000 194.000000 1.000000 1608.000000
3 1.000000 91.000000 1470.000000 181.000000 1.000000 1744.000000
3 1.000000 58.000000 1648.000000 176.000000 1.000000 1884.000000
3 2.000000 74.000000 1842.000000 175.000000 1.000000 2094.000000
3 1.000000 76.000000 1842.000000 231.000000 2.000000 2152.000000
3 1.000000 66.000000 1528.000000 195.000000 1.000000 1791.000000
3 1.000000 63.000000 1641.000000 175.000000 2.000000 1882.000000
3 1.000000 64.000000 1580.000000 192.000000 1.000000 1838.000000
3 0.000000 94.000000 1416.000000 182.000000 1.000000 1693.000000
3 1.000000 83.000000 908.000000 143.000000 1.000000 1136.000000
3 0.000000 85.000000 892.000000 144.000000 1.000000 1122.000000
3 1.000000 120.000000 929.000000 144.000000 1.000000 1195.000000
3 1.000000 109.000000 1520.000000 181.000000 1.000000 1812.000000
3 0.000000 89.000000 808.000000 141.000000 1.000000 1039.000000
3 0.000000 91.000000 837.000000 134.000000 1.000000 1063.000000
3 1.000000 85.000000 877.000000 169.000000 2.000000 1134.000000
3 0.000000 60.000000 1052.000000 144.000000 1.000000 1257.000000
3 1.000000 65.000000 1899.000000 196.000000 1.000000 2162.000000
3 0.000000 83.000000 878.000000 147.000000 0.000000 1108.000000
3 0.000000 86.000000 895.000000 154.000000 1.000000 1136.000000
3 1.000000 98.000000 967.000000 181.000000 1.000000 1248.000000
3 1.000000 108.000000 1496.000000 178.000000 1.000000 1784.000000
3 1.000000 82.000000 914.000000 154.000000 1.000000 1152.000000
3 1.000000 84.000000 1130.000000 172.000000 2.000000 1389.000000
3 1.000000 94.000000 1029.000000 145.000000 1.000000 1270.000000
3 2.000000 139.000000 1234.000000 183.000000 2.000000 1560.000000
3 1.000000 80.000000 1527.000000 167.000000 1.000000 1776.000000
3 2.000000 86.000000 6071.000000 197.000000 2.000000 6358.000000
3 3.000000 138.000000 4038.000000 179.000000 2.000000 4360.000000
3 1.000000 81.000000 1585.000000 192.000000 1.000000 1860.000000
3 1.000000 69.000000 3158.000000 154.000000 1.000000 3383.000000
3 1.000000 88.000000 815.000000 136.000000 1.000000 1041.000000
3 1.000000 393.000000 1250.000000 145.000000 1.000000 1790.000000
3 0.000000 419.000000 1030.000000 175.000000 1.000000 1625.000000
3 0.000000 50.000000 10138.000000 182.000000 1.000000 10371.000000
3 0.000000 98.000000 842.000000 144.000000 1.000000 1085.000000
