1 2.000000 57.000000 3040.000000 9.000000 3.000000 3111.000000
1 2.000000 60.000000 2391.000000 9.000000 3.000000 2465.000000
1 1.000000 39.000000 2012.000000 15.000000 3.000000 2070.000000
1 2.000000 44.000000 1575.000000 14.000000 1.000000 1636.000000
1 1.000000 35.000000 10924.000000 8.000000 3.000000 10971.000000
1 2.000000 136.000000 4764.000000 8.000000 3.000000 4913.000000
1 1.000000 44.000000 2175.000000 7.000000 3.000000 2230.000000
1 3.000000 63.000000 6906.000000 13.000000 3.000000 6988.000000
1 1.000000 43.000000 2169.000000 13.000000 2.000000 2228.000000
1 2.000000 53.000000 1574.000000 14.000000 2.000000 1645.000000
1 0.000000 25.000000 2424.000000 15.000000 2.000000 2466.000000
1 1.000000 29.000000 1413.000000 11.000000 2.000000 1456.000000
1 0.000000 20.000000 2445.000000 13.000000 2.000000 2480.000000
1 1.000000 58.000000 1442.000000 10.000000 2.000000 1513.000000
1 1.000000 53.000000 1617.000000 13.000000 3.000000 1687.000000
1 1.000000 47.000000 2233.000000 12.000000 2.000000 2295.000000
1 1.000000 28.000000 1857.000000 13.000000 2.000000 1901.000000
1 1.000000 27.000000 1844.000000 14.000000 2.000000 1888.000000
1 1.000000 47.000000 2198.000000 9.000000 5.000000 2260.000000
1 1.000000 42.000000 3022.000000 14.000000 2.000000 3081.000000
1 0.000000 21.000000 1536.000000 9.000000 2.000000 1568.000000
1 2.000000 46.000000 1510.000000 15.000000 2.000000 1575.000000
1 1.000000 39.000000 2513.000000 14.000000 4.000000 2571.000000
1 2.000000 44.000000 1572.000000 14.000000 2.000000 1634.000000
1 1.000000 24.000000 3760.000000 9.000000 6.000000 3800.000000
1 2.000000 46.000000 1685.000000 14.000000 2.000000 1749.000000
1 1.000000 52.000000 14057.000000 9.000000 4.000000 14123.000000
1 1.000000 45.000000 1664.000000 12.000000 3.000000 1725.000000
1 1.000000 43.000000 1199.000000 8.000000 3.000000 1254.000000
1 3.000000 75.000000 2123.000000 14.000000 2.000000 2217.000000
1 1.000000 57.000000 1841.000000 15.000000 2.000000 1916.000000
1 1.000000 33.000000 1730.000000 13.000000 2.000000 1779.000000
1 1.000000 42.000000 1700.000000 13.000000 3.000000 1759.000000
1 2.000000 64.000000 2752.000000 13.000000 3.000000 2834.000000
1 1.000000 53.000000 2043.000000 15.000000 3.000000 2115.000000
1 1.000000 61.000000 1646.000000 10.000000 2.000000 1720.000000
1 2.000000 40.000000 1180.000000 8.000000 2.000000 1232.000000
1 1.000000 22.000000 1895.000000 14.000000 2.000000 1934.000000
1 0.000000 33.000000 3496.000000 15.000000 2.000000 3546.000000
1 1.000000 40.000000 1574.000000 13.000000 2.000000 1630.000000
1 1.000000 25.000000 2589.000000 1033.000000 15.000000 3663.000000
1 1.000000 29.000000 3426.000000 12.000000 3.000000 3471.000000
1 2.000000 56.000000 1603.000000 14.000000 2.000000 1677.000000
1 1.000000 27.000000 1945.000000 14.000000 2.000000 1989.000000
1 1.000000 52.000000 1911.000000 14.000000 2.000000 1980.000000
1 1.000000 40.000000 1550.000000 14.000000 2.000000 1607.000000
1 1.000000 354.000000 1891.000000 14.000000 3.000000 2263.000000
1 1.000000 39.000000 5241.000000 12.000000 3.000000 5296.000000
1 0.000000 40.000000 1880.000000 14.000000 2.000000 1936.000000
1 2.000000 61.000000 1704.000000 13.000000 2.000000 1782.000000
1 1.000000 45.000000 1401.000000 9.000000 1.000000 1457.000000
1 46.000000 65.000000 3665.000000 13.000000 7.000000 3796.000000
1 1.000000 37.000000 2799.000000 9.000000 3.000000 2849.000000
1 1.000000 45.000000 3245.000000 9.000000 2.000000 3302.000000
1 2.000000 67.000000 2558.000000 14.000000 2.000000 2643.000000
1 1.000000 31.000000 2453.000000 14.000000 2.000000 2501.000000
1 2.000000 59.000000 2742.000000 13.000000 2.000000 2818.000000
1 0.000000 25.000000 1767.000000 15.000000 2.000000 1809.000000
1 1.000000 30.000000 1654.000000 14.000000 2.000000 1701.000000
1 1.000000 58.000000 2556.000000 9.000000 2.000000 2626.000000
1 2.000000 49.000000 2177.000000 11.000000 3.000000 2242.000000
1 1.000000 26.000000 1710.000000 15.000000 2.000000 1754.000000
1 1.000000 38.000000 1605.000000 15.000000 2.000000 1661.000000
1 3.000000 61.000000 1573.000000 10.000000 2.000000 1649.000000
1 1.000000 43.000000 1769.000000 15.000000 2.000000 1830.000000
1 2.000000 34.000000 1529.000000 9.000000 2.000000 1576.000000
1 2.000000 38.000000 1696.000000 15.000000 2.000000 1753.000000
1 2.000000 49.000000 1623.000000 14.000000 3.000000 1691.000000
1 1.000000 47.000000 5052.000000 13.000000 3.000000 5116.000000
1 1.000000 58.000000 3076.000000 14.000000 3.000000 3152.000000
1 1.000000 27.000000 1459.000000 13.000000 1.000000 1501.000000
1 1.000000 26.000000 2872.000000 11.000000 2.000000 2912.000000
1 2.000000 37.000000 1630.000000 12.000000 2.000000 1683.000000
1 1.000000 53.000000 2212.000000 15.000000 2.000000 2283.000000
1 2.000000 35.000000 2149.000000 14.000000 4.000000 2204.000000
1 1.000000 48.000000 3990.000000 9.000000 3.000000 4051.000000
1 1.000000 48.000000 1957.000000 18.000000 3.000000 2027.000000
1 2.000000 41.000000 7212.000000 14.000000 3.000000 7272.000000
1 1.000000 30.000000 1499.000000 8.000000 2.000000 1540.000000
1 2.000000 67.000000 1662.000000 14.000000 3.000000 1748.000000
1 1.000000 41.000000 1230.000000 8.000000 3.000000 1283.000000
1 1.000000 46.000000 1670.000000 14.000000 3.000000 1734.000000
1 1.000000 47.000000 1635.000000 15.000000 3.000000 1701.000000
1 2.000000 48.000000 1814.000000 12.000000 3.000000 1879.000000
1 1.000000 41.000000 1631.000000 14.000000 2.000000 1689.000000
1 1.000000 50.000000 1645.000000 14.000000 2.000000 1712.000000
1 1.000000 34.000000 6602.000000 14.000000 4.000000 6655.000000
1 2.000000 54.000000 1652.000000 13.000000 3.000000 1724.000000
1 1.000000 31.000000 1765.000000 14.000000 2.000000 1813.000000
1 1.000000 58.000000 1677.000000 9.000000 2.000000 1747.000000
1 1.000000 39.000000 1537.000000 13.000000 2.000000 1592.000000
1 2.000000 77.000000 1801.000000 15.000000 3.000000 1898.000000
1 1.000000 31.000000 1518.000000 12.000000 2.000000 1564.000000
1 1.000000 31.000000 1596.000000 9.000000 4.000000 1641.000000
1 2.000000 63.000000 1654.000000 14.000000 2.000000 1735.000000
1 1.000000 55.000000 1716.000000 9.000000 3.000000 1784.000000
1 2.000000 45.000000 1648.000000 14.000000 2.000000 1711.000000
1 1.000000 26.000000 1178.000000 9.000000 2.000000 1216.000000
1 1.000000 41.000000 4891.000000 8.000000 4.000000 4945.000000
1 0.000000 26.000000 1635.000000 15.000000 3.000000 1679.000000
