4 1.000000 71.000000 14236.000000 2231.000000 4.000000 16543.000000
4 2.000000 70.000000 10582.000000 2393.000000 4.000000 13051.000000
4 2.000000 76.000000 13518.000000 2177.000000 4.000000 15777.000000
4 1.000000 66.000000 10130.000000 2255.000000 3.000000 12455.000000
4 2.000000 90.000000 16384.000000 2281.000000 3.000000 18760.000000
4 1.000000 106.000000 12792.000000 2334.000000 3.000000 15236.000000
4 2.000000 103.000000 11535.000000 2275.000000 4.000000 13919.000000
4 2.000000 99.000000 12915.000000 2367.000000 4.000000 15387.000000
4 2.000000 88.000000 12719.000000 2110.000000 5.000000 14924.000000
4 1.000000 94.000000 13070.000000 1863.000000 3.000000 15031.000000
4 2.000000 93.000000 14047.000000 2263.000000 4.000000 16409.000000
4 2.000000 1171.000000 7530.000000 2244.000000 4.000000 10951.000000
4 2.000000 380.000000 6099.000000 2226.000000 2.000000 8709.000000
4 3.000000 180.000000 8753.000000 2002.000000 2.000000 10940.000000
4 2.000000 207.000000 8146.000000 1847.000000 3.000000 10205.000000
4 3.000000 672.000000 8278.000000 2310.000000 5.000000 11268.000000
4 1.000000 391.000000 9336.000000 2051.000000 4.000000 11783.000000
4 2.000000 167.000000 6818.000000 2205.000000 3.000000 9195.000000
4 1.000000 354.000000 9733.000000 2527.000000 6.000000 12621.000000
4 2.000000 346.000000 7080.000000 3312.000000 9.000000 10749.000000
4 3.000000 112.000000 11640.000000 2068.000000 5.000000 13828.000000
4 2.000000 119.000000 6838.000000 2005.000000 3.000000 8967.000000
4 2.000000 106.000000 9672.000000 2110.000000 4.000000 11894.000000
4 1.000000 158.000000 7254.000000 2288.000000 3.000000 9704.000000
4 1.000000 371.000000 8882.000000 1840.000000 2.000000 11096.000000
4 2.000000 3229.000000 4359.000000 2161.000000 6.000000 9757.000000
4 4.000000 117.000000 7587.000000 2330.000000 3.000000 10041.000000
4 2.000000 119.000000 13604.000000 2235.000000 6.000000 15966.000000
4 2.000000 1941.000000 8401.000000 2017.000000 3.000000 12364.000000
4 2.000000 118.000000 23890.000000 2222.000000 5.000000 26237.000000
4 3.000000 104.000000 20114.000000 2294.000000 4.000000 22519.000000
4 2.000000 331.000000 8291.000000 1897.000000 4.000000 10525.000000
4 2.000000 1346.000000 13039.000000 2314.000000 4.000000 16705.000000
4 1.000000 105.000000 8624.000000 2162.000000 5.000000 10897.000000
4 2.000000 148.000000 10550.000000 1897.000000 3.000000 12600.000000
4 2.000000 471.000000 6807.000000 2067.000000 3.000000 9350.000000
4 2.000000 590.000000 6941.000000 1864.000000 2.000000 9399.000000
4 2.000000 113.000000 14361.000000 1998.000000 5.000000 16479.000000
4 1.000000 384.000000 9869.000000 2403.000000 4.000000 12661.000000
4 2.000000 126.000000 15670.000000 2135.000000 6.000000 17939.000000
4 2.000000 116.000000 16233.000000 2160.000000 3.000000 18514.000000
4 2.000000 122.000000 16108.000000 1876.000000 3.000000 18111.000000
4 2.000000 4308.000000 4764.000000 1956.000000 4.000000 11034.000000
4 2.000000 97.000000 12931.000000 4224.000000 5.000000 17259.000000
4 2.000000 147.000000 6436.000000 2077.000000 2.000000 8664.000000
4 2.000000 162.000000 6477.000000 1846.000000 2.000000 8489.000000
4 3.000000 106.000000 17779.000000 2137.000000 3.000000 20028.000000
4 2.000000 515.000000 28399.000000 2144.000000 4.000000 31064.000000
4 2.000000 670.000000 7825.000000 2151.000000 4.000000 10652.000000
4 3.000000 112.000000 11808.000000 2193.000000 3.000000 14119.000000
4 2.000000 90.000000 40694.000000 3721.000000 7.000000 44514.000000
4 2.000000 122.000000 7486.000000 2227.000000 4.000000 9841.000000
4 1.000000 71.000000 12755.000000 2022.000000 4.000000 14853.000000
4 2.000000 90.000000 9166.000000 2641.000000 3.000000 11902.000000
4 3.000000 137.000000 16256.000000 2223.000000 2.000000 18621.000000
4 2.000000 81.000000 22011.000000 2577.000000 5.000000 24676.000000
4 2.000000 516.000000 7789.000000 2554.000000 4.000000 10865.000000
4 2.000000 91.000000 11940.000000 2156.000000 3.000000 14192.000000
4 2.000000 217.000000 8581.000000 2206.000000 5.000000 11011.000000
4 2.000000 80.000000 8103.000000 1992.000000 6.000000 10183.000000
4 1.000000 110.000000 29942.000000 2179.000000 3.000000 32235.000000
4 1.000000 874.000000 7599.000000 3564.000000 4.000000 12042.000000
4 2.000000 378.000000 7108.000000 2241.000000 4.000000 9733.000000
4 3.000000 215.000000 7561.000000 1876.000000 3.000000 9658.000000
4 2.000000 390.000000 6641.000000 7145.000000 4.000000 14182.000000
4 2.000000 246.000000 7212.000000 2168.000000 4.000000 9632.000000
4 2.000000 301.000000 9214.000000 1893.000000 3.000000 11413.000000
4 2.000000 524.000000 6702.000000 1951.000000 3.000000 9182.000000
4 2.000000 117.000000 16984.000000 2412.000000 4.000000 19519.000000
4 3.000000 504.000000 7402.000000 2316.000000 5.000000 10230.000000
4 2.000000 611.000000 7693.000000 1880.000000 4.000000 10190.000000
4 3.000000 411.000000 8338.000000 1943.000000 3.000000 10698.000000
4 3.000000 635.000000 11581.000000 2134.000000 5.000000 14358.000000
4 3.000000 113.000000 7707.000000 3804.000000 5.000000 11632.000000
4 3.000000 597.000000 5105.000000 2206.000000 4.000000 7915.000000
4 3.000000 150.000000 5596.000000 2146.000000 3.000000 7898.000000
4 2.000000 937.000000 7888.000000 1836.000000 3.000000 10666.000000
4 2.000000 444.000000 8795.000000 1972.000000 3.000000 11216.000000
4 2.000000 118.000000 10839.000000 2587.000000 5.000000 13551.000000
4 3.000000 165.000000 6649.000000 2316.000000 5.000000 9138.000000
4 2.000000 3353.000000 7715.000000 2107.000000 4.000000 13181.000000
4 1.000000 989.000000 9204.000000 1988.000000 4.000000 12186.000000
4 2.000000 445.000000 7529.000000 1983.000000 2.000000 9961.000000
4 1.000000 364.000000 8821.000000 1836.000000 3.000000 11025.000000
4 2.000000 585.000000 8723.000000 1894.000000 3.000000 11207.000000
4 2.000000 115.000000 14550.000000 2225.000000 6.000000 16898.000000
4 2.000000 1015.000000 6529.000000 2615.000000 4.000000 10165.000000
4 1.000000 351.000000 7042.000000 2433.000000 4.000000 9831.000000
4 2.000000 417.000000 6379.000000 2151.000000 4.000000 8953.000000
4 2.000000 115.000000 35695.000000 2219.000000 4.000000 38035.000000
4 2.000000 236.000000 6232.000000 1865.000000 2.000000 8337.000000
4 2.000000 309.000000 8885.000000 2064.000000 4.000000 11264.000000
4 3.000000 118.000000 11877.000000 2164.000000 4.000000 14166.000000
4 3.000000 204.000000 12279.000000 1844.000000 3.000000 14333.000000
4 3.000000 105.000000 10619.000000 2105.000000 4.000000 12836.000000
4 1.000000 352.000000 9430.000000 1861.000000 3.000000 11647.000000
4 3.000000 102.000000 11409.000000 2062.000000 3.000000 13579.000000
4 2.000000 4408.000000 4827.000000 2090.000000 4.000000 11331.000000
4 3.000000 182.000000 9009.000000 1866.000000 2.000000 11062.000000
4 2.000000 448.000000 9073.000000 2145.000000 4.000000 11672.000000
