1 2.000000 56.000000 -880901.000000 755.000000 4.000000 -880084.000000
2 2.000000 69.000000 79278.000000 9736.000000 10.000000 89095.000000
3 2.000000 86.000000 61874.000000 18534.000000 8.000000 80504.000000
4 2.000000 104.000000 51445.000000 26073.000000 9.000000 77633.000000
5 2.000000 101.000000 45172.000000 30317.000000 11.000000 75603.000000
6 2.000000 401.000000 -948109.000000 28073.000000 8.000000 -919625.000000
7 2.000000 31971.000000 18149.000000 37230.000000 8.000000 87360.000000
8 2.000000 10600.000000 34387.000000 36901.000000 8.000000 81898.000000
9 2.000000 5374.000000 42479.000000 39638.000000 8.000000 87501.000000
10 3.000000 4166.000000 39953.000000 45372.000000 7.000000 89501.000000
11 2.000000 16411.000000 28373.000000 49352.000000 8.000000 94146.000000
12 3.000000 7218.000000 36060.000000 50085.000000 8.000000 93374.000000
