11 4.000000 174.000000 6645.000000 59.000000 1.000000 6883.000000
11 2.000000 156.000000 369.000000 61.000000 1.000000 589.000000
11 2.000000 153.000000 358.000000 60.000000 0.000000 573.000000
11 3.000000 156.000000 458.000000 62.000000 1.000000 680.000000
11 2.000000 161.000000 382.000000 57.000000 1.000000 603.000000
11 4.000000 180.000000 3746.000000 61.000000 1.000000 3992.000000
11 2.000000 153.000000 3591.000000 69.000000 2.000000 3817.000000
11 4.000000 164.000000 2936.000000 69.000000 1.000000 3174.000000
11 4.000000 188.000000 2431.000000 70.000000 1.000000 2694.000000
11 4.000000 212.000000 387.000000 58.000000 1.000000 662.000000
11 4.000000 170.000000 6038.000000 67.000000 1.000000 6280.000000
11 3.000000 140.000000 1157.000000 64.000000 1.000000 1365.000000
11 2.000000 143.000000 362.000000 58.000000 1.000000 566.000000
11 2.000000 202.000000 4269.000000 63.000000 1.000000 4537.000000
11 2.000000 168.000000 388.000000 57.000000 1.000000 616.000000
11 3.000000 154.000000 4020.000000 66.000000 1.000000 4244.000000
11 2.000000 155.000000 901.000000 61.000000 1.000000 1120.000000
11 2.000000 149.000000 2487.000000 62.000000 1.000000 2701.000000
11 3.000000 206.000000 5350.000000 60.000000 1.000000 5620.000000
11 3.000000 153.000000 11734.000000 62.000000 1.000000 11953.000000
11 2.000000 159.000000 1968.000000 59.000000 1.000000 2189.000000
11 3.000000 155.000000 4161.000000 60.000000 0.000000 4379.000000
11 2.000000 137.000000 343.000000 59.000000 1.000000 542.000000
11 4.000000 173.000000 1730.000000 61.000000 1.000000 1969.000000
11 4.000000 849.000000 3693.000000 70.000000 2.000000 4618.000000
11 2.000000 174.000000 6602.000000 64.000000 1.000000 6843.000000
11 2.000000 146.000000 373.000000 59.000000 1.000000 581.000000
11 2.000000 169.000000 415.000000 56.000000 1.000000 643.000000
11 2.000000 155.000000 5911.000000 60.000000 2.000000 6130.000000
11 2.000000 171.000000 2544.000000 59.000000 1.000000 2777.000000
11 2.000000 158.000000 1742.000000 56.000000 1.000000 1959.000000
11 3.000000 162.000000 1814.000000 63.000000 1.000000 2043.000000
11 3.000000 171.000000 385.000000 58.000000 1.000000 618.000000
11 2.000000 172.000000 14701.000000 270.000000 1.000000 15146.000000
11 3.000000 178.000000 416.000000 68.000000 2.000000 667.000000
11 4.000000 179.000000 3849.000000 64.000000 1.000000 4097.000000
11 2.000000 156.000000 2599.000000 66.000000 1.000000 2824.000000
11 3.000000 143.000000 1533.000000 61.000000 1.000000 1741.000000
11 2.000000 139.000000 402.000000 55.000000 0.000000 598.000000
11 2.000000 169.000000 5735.000000 71.000000 1.000000 5978.000000
11 2.000000 147.000000 354.000000 58.000000 1.000000 562.000000
11 3.000000 154.000000 398.000000 62.000000 1.000000 618.000000
11 2.000000 154.000000 1251.000000 57.000000 1.000000 1465.000000
11 2.000000 161.000000 4428.000000 64.000000 1.000000 4656.000000
11 2.000000 155.000000 3175.000000 69.000000 1.000000 3402.000000
11 2.000000 175.000000 3297.000000 64.000000 1.000000 3539.000000
11 4.000000 185.000000 759.000000 61.000000 1.000000 1010.000000
11 3.000000 949.000000 886.000000 62.000000 1.000000 1901.000000
11 2.000000 162.000000 6960.000000 66.000000 1.000000 7191.000000
11 2.000000 153.000000 377.000000 63.000000 1.000000 596.000000
11 1.000000 151.000000 379.000000 59.000000 1.000000 591.000000
11 4.000000 173.000000 442.000000 56.000000 1.000000 676.000000
11 3.000000 2276.000000 1271.000000 66.000000 1.000000 3617.000000
11 2.000000 147.000000 354.000000 59.000000 1.000000 563.000000
11 3.000000 155.000000 1176.000000 64.000000 1.000000 1399.000000
11 3.000000 156.000000 388.000000 61.000000 1.000000 609.000000
11 2.000000 147.000000 365.000000 62.000000 1.000000 577.000000
11 2.000000 156.000000 3130.000000 63.000000 1.000000 3352.000000
11 2.000000 143.000000 414.000000 62.000000 1.000000 622.000000
11 3.000000 155.000000 361.000000 58.000000 1.000000 578.000000
11 3.000000 163.000000 385.000000 61.000000 1.000000 613.000000
11 2.000000 142.000000 402.000000 63.000000 1.000000 610.000000
11 3.000000 151.000000 359.000000 63.000000 1.000000 577.000000
11 3.000000 164.000000 1507.000000 64.000000 1.000000 1739.000000
11 2.000000 167.000000 384.000000 64.000000 1.000000 618.000000
11 2.000000 607.000000 140.000000 62.000000 0.000000 811.000000
11 3.000000 144.000000 388.000000 61.000000 1.000000 597.000000
11 2.000000 146.000000 383.000000 87.000000 1.000000 619.000000
11 3.000000 146.000000 393.000000 64.000000 1.000000 607.000000
11 2.000000 149.000000 1813.000000 62.000000 1.000000 2027.000000
11 2.000000 144.000000 403.000000 55.000000 1.000000 605.000000
11 2.000000 152.000000 398.000000 61.000000 1.000000 614.000000
11 2.000000 151.000000 364.000000 61.000000 1.000000 579.000000
11 4.000000 168.000000 375.000000 60.000000 1.000000 608.000000
11 2.000000 150.000000 377.000000 61.000000 1.000000 591.000000
11 2.000000 194.000000 389.000000 61.000000 1.000000 647.000000
11 1.000000 146.000000 387.000000 61.000000 1.000000 596.000000
11 3.000000 665.000000 443.000000 60.000000 2.000000 1173.000000
11 3.000000 156.000000 406.000000 60.000000 1.000000 626.000000
11 3.000000 364.000000 1295.000000 55.000000 1.000000 1718.000000
11 3.000000 154.000000 355.000000 61.000000 1.000000 574.000000
11 3.000000 191.000000 740.000000 62.000000 1.000000 997.000000
11 2.000000 142.000000 372.000000 62.000000 0.000000 578.000000
11 3.000000 177.000000 5844.000000 62.000000 2.000000 6088.000000
11 1.000000 145.000000 375.000000 61.000000 2.000000 584.000000
11 2.000000 146.000000 921.000000 58.000000 0.000000 1127.000000
11 4.000000 178.000000 1823.000000 67.000000 2.000000 2074.000000
11 2.000000 157.000000 392.000000 63.000000 1.000000 615.000000
11 2.000000 165.000000 400.000000 65.000000 1.000000 633.000000
11 2.000000 149.000000 382.000000 59.000000 1.000000 593.000000
11 2.000000 149.000000 413.000000 61.000000 1.000000 626.000000
11 3.000000 174.000000 10081.000000 60.000000 2.000000 10320.000000
11 3.000000 196.000000 398.000000 66.000000 1.000000 664.000000
11 2.000000 160.000000 389.000000 65.000000 1.000000 617.000000
11 2.000000 152.000000 371.000000 55.000000 1.000000 581.000000
11 3.000000 165.000000 400.000000 59.000000 1.000000 628.000000
11 2.000000 152.000000 1668.000000 69.000000 1.000000 1892.000000
11 2.000000 164.000000 422.000000 57.000000 2.000000 647.000000
11 2.000000 162.000000 407.000000 58.000000 1.000000 630.000000
11 3.000000 157.000000 393.000000 62.000000 1.000000 616.000000
