1 1.000000 36.000000 177440.000000 1263.000000 4.000000 178744.000000
1 2.000000 36.000000 174969.000000 1588.000000 8.000000 176603.000000
1 1.000000 30.000000 136183.000000 1324.000000 4.000000 137542.000000
1 1.000000 33.000000 134025.000000 925.000000 3.000000 134987.000000
1 2.000000 37.000000 146131.000000 1839.000000 5.000000 148014.000000
1 1.000000 34.000000 -865928.000000 862.000000 4.000000 -865027.000000
1 2.000000 53.000000 121924.000000 739.000000 3.000000 122721.000000
1 2.000000 57.000000 114887.000000 716.000000 3.000000 115665.000000
1 1.000000 54.000000 118066.000000 742.000000 3.000000 118866.000000
1 2.000000 53.000000 116709.000000 676.000000 3.000000 117443.000000
1 2.000000 55.000000 -879594.000000 690.000000 3.000000 -878844.000000
1 1.000000 59.000000 122134.000000 688.000000 4.000000 122886.000000
1 2.000000 52.000000 120558.000000 712.000000 3.000000 121327.000000
1 2.000000 55.000000 120436.000000 1671.000000 6.000000 122170.000000
1 2.000000 53.000000 120033.000000 745.000000 4.000000 120837.000000
1 2.000000 54.000000 114618.000000 678.000000 3.000000 115355.000000
1 2.000000 59.000000 121152.000000 627.000000 3.000000 121843.000000
1 2.000000 52.000000 116169.000000 1665.000000 6.000000 117894.000000
1 2.000000 58.000000 120292.000000 708.000000 3.000000 121063.000000
1 2.000000 53.000000 120942.000000 678.000000 3.000000 121678.000000
1 2.000000 54.000000 115283.000000 779.000000 4.000000 116122.000000
1 2.000000 54.000000 121858.000000 708.000000 3.000000 122625.000000
1 1.000000 55.000000 120779.000000 764.000000 3.000000 121602.000000
1 2.000000 54.000000 -884815.000000 675.000000 4.000000 -884080.000000
1 3.000000 52.000000 118834.000000 678.000000 3.000000 119570.000000
1 2.000000 53.000000 119233.000000 695.000000 3.000000 119986.000000
1 1.000000 55.000000 -881709.000000 688.000000 4.000000 -880961.000000
1 1.000000 54.000000 116550.000000 1724.000000 6.000000 118335.000000
1 2.000000 54.000000 119011.000000 729.000000 3.000000 119799.000000
1 1.000000 54.000000 -880428.000000 689.000000 3.000000 -879681.000000
1 1.000000 55.000000 120808.000000 1092.000000 5.000000 121961.000000
1 2.000000 53.000000 118929.000000 1657.000000 6.000000 120647.000000
1 2.000000 57.000000 115607.000000 1689.000000 6.000000 117361.000000
1 2.000000 51.000000 118792.000000 958.000000 6.000000 119809.000000
1 2.000000 53.000000 117919.000000 699.000000 3.000000 118676.000000
1 2.000000 54.000000 120310.000000 692.000000 4.000000 121062.000000
1 2.000000 57.000000 120623.000000 698.000000 4.000000 121384.000000
1 1.000000 53.000000 122325.000000 1666.000000 6.000000 124051.000000
1 1.000000 53.000000 120599.000000 708.000000 3.000000 121364.000000
1 1.000000 53.000000 -885764.000000 705.000000 3.000000 -885002.000000
1 2.000000 58.000000 115345.000000 723.000000 3.000000 116131.000000
1 2.000000 52.000000 117415.000000 691.000000 4.000000 118164.000000
1 3.000000 53.000000 -882688.000000 677.000000 3.000000 -881952.000000
1 1.000000 54.000000 116200.000000 709.000000 3.000000 116967.000000
1 2.000000 52.000000 118906.000000 705.000000 4.000000 119669.000000
1 2.000000 52.000000 121297.000000 755.000000 3.000000 122109.000000
1 1.000000 54.000000 115739.000000 672.000000 4.000000 116470.000000
1 2.000000 54.000000 121481.000000 970.000000 6.000000 122513.000000
1 2.000000 54.000000 121673.000000 708.000000 4.000000 122441.000000
1 1.000000 53.000000 120828.000000 772.000000 3.000000 121657.000000
1 1.000000 30.000000 -824328.000000 861.000000 3.000000 -823433.000000
1 2.000000 41.000000 138982.000000 1831.000000 5.000000 140861.000000
1 2.000000 40.000000 139897.000000 789.000000 3.000000 140731.000000
1 1.000000 46.000000 -831648.000000 693.000000 3.000000 -830905.000000
1 1.000000 32.000000 130904.000000 802.000000 5.000000 131744.000000
1 1.000000 54.000000 147588.000000 1870.000000 5.000000 149518.000000
1 2.000000 58.000000 125465.000000 684.000000 4.000000 126213.000000
1 1.000000 52.000000 123092.000000 1710.000000 6.000000 124861.000000
1 2.000000 56.000000 122181.000000 676.000000 4.000000 122919.000000
1 2.000000 56.000000 137616.000000 1179.000000 4.000000 138857.000000
1 2.000000 59.000000 -881305.000000 752.000000 3.000000 -880489.000000
1 1.000000 43.000000 141719.000000 1225.000000 4.000000 142992.000000
1 1.000000 52.000000 155723.000000 1708.000000 6.000000 157490.000000
1 2.000000 55.000000 120327.000000 1741.000000 5.000000 122130.000000
1 2.000000 65.000000 -874549.000000 1548.000000 5.000000 -872929.000000
1 3.000000 52.000000 114229.000000 1667.000000 6.000000 115957.000000
1 2.000000 56.000000 115937.000000 679.000000 3.000000 116677.000000
1 2.000000 54.000000 -878889.000000 676.000000 3.000000 -878154.000000
1 2.000000 55.000000 120737.000000 967.000000 4.000000 121765.000000
1 2.000000 56.000000 117142.000000 779.000000 4.000000 117983.000000
1 2.000000 58.000000 119121.000000 765.000000 3.000000 119949.000000
1 2.000000 54.000000 117453.000000 1667.000000 6.000000 119182.000000
1 3.000000 55.000000 122988.000000 744.000000 4.000000 123794.000000
1 2.000000 55.000000 -880233.000000 701.000000 4.000000 -879471.000000
1 1.000000 54.000000 122082.000000 684.000000 3.000000 122824.000000
1 1.000000 51.000000 122969.000000 1741.000000 6.000000 124768.000000
1 2.000000 49.000000 117146.000000 1694.000000 6.000000 118897.000000
1 2.000000 52.000000 -879671.000000 1737.000000 6.000000 -877874.000000
1 2.000000 54.000000 134678.000000 689.000000 5.000000 135428.000000
1 3.000000 57.000000 123966.000000 684.000000 3.000000 124713.000000
1 2.000000 51.000000 121495.000000 1509.000000 5.000000 123062.000000
1 2.000000 56.000000 127712.000000 1716.000000 6.000000 129492.000000
1 2.000000 54.000000 123430.000000 1655.000000 6.000000 125147.000000
1 2.000000 52.000000 128659.000000 1511.000000 5.000000 130229.000000
1 2.000000 53.000000 118716.000000 1770.000000 6.000000 120547.000000
1 2.000000 56.000000 122197.000000 691.000000 4.000000 122950.000000
1 2.000000 52.000000 120366.000000 841.000000 4.000000 121265.000000
1 2.000000 60.000000 117226.000000 1514.000000 5.000000 118807.000000
1 3.000000 54.000000 120677.000000 760.000000 4.000000 121498.000000
1 2.000000 54.000000 119320.000000 728.000000 3.000000 120107.000000
1 2.000000 53.000000 -879251.000000 702.000000 3.000000 -878491.000000
1 2.000000 57.000000 119032.000000 1182.000000 4.000000 120277.000000
1 2.000000 93.000000 120425.000000 1549.000000 6.000000 122075.000000
1 2.000000 53.000000 120039.000000 654.000000 4.000000 120752.000000
1 2.000000 58.000000 116696.000000 706.000000 4.000000 117466.000000
1 3.000000 56.000000 119980.000000 1671.000000 6.000000 121716.000000
1 2.000000 53.000000 116764.000000 676.000000 4.000000 117499.000000
1 2.000000 54.000000 120199.000000 1630.000000 5.000000 121890.000000
1 2.000000 55.000000 120289.000000 697.000000 4.000000 121047.000000
1 2.000000 62.000000 117851.000000 731.000000 3.000000 118649.000000
