1 1.10588 42.75 2348.46 12.27 2.31 2406.73
2 1.16667 63.02 2142.61 138.09 1.23 2345.93
3 1.12658 187.69 2276.27 188.21 1.27835 2654.3
4 1.10345 220.04 2720.11 235.9 1.43878 3179.95
5 1.12941 181.42 2703.27 300.75 1.26531 3187.64
6 1.18681 200.37 2992.19 346.34 1.37755 3541.33
7 1.21111 476.17 2427.77 382.19 1.39394 3291.99
8 1.22892 371.48 2558.54 436.64 1.46465 3369.13
9 1.16092 623.61 2537.18 472.65 1.40625 3634.88
10 1.18605 557.53 2381.79 549.96 1.39 3491.69
11 1.19101 570.17 2556.03 623.92 1.45455 3752.62
12 1.24706 483.17 2385.02 652.18 1.52 3526.27
