9 1.000000 135.000000 1491.000000 508.000000 2.000000 2137.000000
9 2.000000 167.000000 8019.000000 446.000000 2.000000 8636.000000
9 3.000000 186.000000 1393.000000 447.000000 2.000000 2031.000000
9 1.000000 157.000000 2165.000000 427.000000 1.000000 2751.000000
9 1.000000 166.000000 5711.000000 448.000000 2.000000 6328.000000
9 1.000000 133.000000 1801.000000 456.000000 1.000000 2392.000000
9 1.000000 141.000000 1367.000000 3317.000000 4.000000 4830.000000
9 1.000000 165.000000 6567.000000 454.000000 2.000000 7189.000000
9 2.000000 154.000000 3688.000000 454.000000 2.000000 4300.000000
9 2.000000 169.000000 7516.000000 487.000000 2.000000 8176.000000
9 1.000000 159.000000 3473.000000 452.000000 2.000000 4087.000000
9 2.000000 170.000000 1481.000000 475.000000 2.000000 2130.000000
9 1.000000 162.000000 1494.000000 461.000000 1.000000 2119.000000
9 0.000000 298.000000 3492.000000 458.000000 2.000000 4250.000000
9 1.000000 137.000000 1642.000000 441.000000 2.000000 2223.000000
9 1.000000 3962.000000 2638.000000 470.000000 2.000000 7073.000000
9 1.000000 143.000000 1676.000000 468.000000 1.000000 2289.000000
9 3.000000 177.000000 18881.000000 452.000000 1.000000 19514.000000
9 1.000000 147.000000 1418.000000 -999492.000000 2.000000 -997924.000000
9 2.000000 155.000000 3093.000000 443.000000 2.000000 3695.000000
9 2.000000 1165.000000 2155.000000 452.000000 3.000000 3777.000000
9 2.000000 133.000000 2829.000000 445.000000 1.000000 3410.000000
9 1.000000 148.000000 8968.000000 557.000000 2.000000 9676.000000
9 1.000000 1863.000000 1655.000000 464.000000 2.000000 3985.000000
9 1.000000 171.000000 1459.000000 441.000000 1.000000 2073.000000
9 1.000000 158.000000 1821.000000 460.000000 2.000000 2442.000000
9 2.000000 177.000000 17837.000000 451.000000 2.000000 18469.000000
9 2.000000 154.000000 1308.000000 476.000000 2.000000 1942.000000
9 2.000000 155.000000 11544.000000 488.000000 2.000000 12191.000000
9 1.000000 510.000000 1225.000000 495.000000 2.000000 2233.000000
9 1.000000 128.000000 1451.000000 1737.000000 3.000000 3320.000000
9 1.000000 151.000000 1626.000000 490.000000 1.000000 2269.000000
9 1.000000 4675.000000 3129.000000 446.000000 2.000000 8253.000000
9 2.000000 469.000000 1740.000000 441.000000 2.000000 2654.000000
9 2.000000 161.000000 1504.000000 513.000000 1.000000 2181.000000
9 2.000000 162.000000 1497.000000 467.000000 2.000000 2130.000000
9 1.000000 166.000000 1520.000000 478.000000 2.000000 2167.000000
9 2.000000 184.000000 1904.000000 456.000000 2.000000 2548.000000
9 1.000000 606.000000 1418.000000 477.000000 2.000000 2504.000000
9 2.000000 159.000000 2755.000000 497.000000 1.000000 3414.000000
9 1.000000 173.000000 1830.000000 465.000000 2.000000 2471.000000
9 2.000000 159.000000 1595.000000 467.000000 2.000000 2225.000000
9 1.000000 151.000000 1790.000000 517.000000 3.000000 2462.000000
9 2.000000 146.000000 1449.000000 521.000000 2.000000 2120.000000
9 1.000000 969.000000 906.000000 447.000000 2.000000 2325.000000
9 0.000000 161.000000 6550.000000 457.000000 2.000000 7170.000000
9 1.000000 197.000000 1531.000000 523.000000 2.000000 2254.000000
9 1.000000 152.000000 1601.000000 440.000000 2.000000 2196.000000
9 3.000000 191.000000 1450.000000 452.000000 2.000000 2098.000000
9 2.000000 180.000000 1549.000000 483.000000 2.000000 2216.000000
9 2.000000 157.000000 4694.000000 456.000000 1.000000 5310.000000
9 1.000000 166.000000 2203.000000 457.000000 2.000000 2829.000000
9 3.000000 163.000000 1557.000000 562.000000 2.000000 2287.000000
9 0.000000 726.000000 1055.000000 444.000000 1.000000 2226.000000
9 1.000000 529.000000 1241.000000 486.000000 2.000000 2259.000000
9 2.000000 1218.000000 534.000000 489.000000 1.000000 2244.000000
9 1.000000 695.000000 1176.000000 449.000000 1.000000 2322.000000
9 2.000000 145.000000 1572.000000 487.000000 2.000000 2208.000000
9 2.000000 189.000000 1581.000000 542.000000 3.000000 2317.000000
9 1.000000 154.000000 2821.000000 467.000000 2.000000 3445.000000
9 1.000000 134.000000 1625.000000 510.000000 2.000000 2272.000000
9 1.000000 125.000000 2142.000000 568.000000 2.000000 2838.000000
9 1.000000 2275.000000 392.000000 437.000000 1.000000 3106.000000
9 1.000000 130.000000 4908.000000 489.000000 1.000000 5529.000000
9 0.000000 161.000000 4061.000000 453.000000 2.000000 4677.000000
9 1.000000 147.000000 1494.000000 456.000000 1.000000 2099.000000
9 1.000000 204.000000 2743.000000 454.000000 1.000000 3403.000000
9 1.000000 1648.000000 2170.000000 544.000000 2.000000 4365.000000
9 1.000000 2376.000000 1245.000000 473.000000 1.000000 4096.000000
9 1.000000 149.000000 7198.000000 484.000000 1.000000 7833.000000
9 2.000000 814.000000 1993.000000 468.000000 1.000000 3278.000000
9 1.000000 169.000000 2095.000000 487.000000 1.000000 2753.000000
9 1.000000 544.000000 9061.000000 490.000000 1.000000 10097.000000
9 1.000000 144.000000 13525.000000 494.000000 3.000000 14167.000000
9 2.000000 820.000000 1241.000000 451.000000 1.000000 2515.000000
9 1.000000 129.000000 9343.000000 462.000000 2.000000 9937.000000
9 2.000000 170.000000 12174.000000 453.000000 2.000000 12801.000000
9 0.000000 1177.000000 256.000000 434.000000 1.000000 1868.000000
9 1.000000 1478.000000 11880.000000 491.000000 2.000000 13852.000000
9 1.000000 870.000000 526.000000 448.000000 1.000000 1846.000000
9 2.000000 166.000000 1640.000000 563.000000 2.000000 2373.000000
9 1.000000 1082.000000 492.000000 443.000000 1.000000 2019.000000
9 1.000000 1015.000000 4075.000000 465.000000 2.000000 5558.000000
9 2.000000 179.000000 1557.000000 459.000000 2.000000 2199.000000
9 1.000000 153.000000 1453.000000 443.000000 1.000000 2051.000000
9 1.000000 419.000000 16888.000000 510.000000 2.000000 17820.000000
9 1.000000 158.000000 4347.000000 460.000000 2.000000 4968.000000
9 1.000000 166.000000 1656.000000 461.000000 2.000000 2286.000000
9 1.000000 1662.000000 1523.000000 443.000000 2.000000 3631.000000
9 1.000000 134.000000 1867.000000 492.000000 1.000000 2495.000000
9 2.000000 162.000000 943.000000 466.000000 1.000000 1574.000000
9 1.000000 163.000000 1597.000000 501.000000 2.000000 2264.000000
9 1.000000 160.000000 3117.000000 458.000000 3.000000 3739.000000
9 1.000000 171.000000 1607.000000 443.000000 1.000000 2223.000000
9 1.000000 144.000000 1923.000000 484.000000 1.000000 2553.000000
9 1.000000 139.000000 1546.000000 519.000000 3.000000 2208.000000
9 21.000000 989.000000 669.000000 469.000000 2.000000 2150.000000
9 2.000000 161.000000 1554.000000 488.000000 2.000000 2207.000000
9 1.000000 153.000000 3136.000000 454.000000 2.000000 3746.000000
9 2.000000 157.000000 7517.000000 471.000000 1.000000 8148.000000
