11 2.000000 163.000000 12909.000000 5292.000000 3.000000 18369.000000
11 1.000000 205.000000 20778.000000 5546.000000 4.000000 26534.000000
11 2.000000 172.000000 13807.000000 11582.000000 5.000000 25568.000000
11 1.000000 191.000000 -992279.000000 5629.000000 3.000000 -986455.000000
11 1.000000 199.000000 16561.000000 5568.000000 4.000000 22333.000000
11 2.000000 176.000000 10450.000000 5945.000000 4.000000 16577.000000
11 2.000000 195.000000 9856.000000 5090.000000 5.000000 15148.000000
11 2.000000 187.000000 13242.000000 5429.000000 3.000000 18863.000000
11 3.000000 222.000000 8081.000000 4773.000000 3.000000 13082.000000
11 1.000000 1986.000000 10262.000000 5572.000000 4.000000 17825.000000
11 1.000000 3602.000000 6245.000000 4963.000000 4.000000 14815.000000
11 2.000000 3804.000000 11735.000000 5556.000000 4.000000 21101.000000
11 3.000000 203.000000 15702.000000 4640.000000 4.000000 20552.000000
11 2.000000 2029.000000 6412.000000 5297.000000 5.000000 13745.000000
11 2.000000 5213.000000 12432.000000 4923.000000 4.000000 22574.000000
11 3.000000 2835.000000 4603.000000 5449.000000 4.000000 12894.000000
11 2.000000 206.000000 11671.000000 5655.000000 5.000000 17539.000000
11 2.000000 209.000000 9483.000000 5677.000000 5.000000 15376.000000
11 2.000000 197.000000 20017.000000 5484.000000 5.000000 25705.000000
11 3.000000 191.000000 12302.000000 5317.000000 5.000000 17818.000000
11 2.000000 9030.000000 1217.000000 5366.000000 5.000000 15620.000000
11 3.000000 216.000000 10055.000000 5187.000000 5.000000 15466.000000
11 2.000000 2754.000000 5194.000000 4990.000000 4.000000 12944.000000
11 3.000000 1037.000000 7284.000000 5245.000000 5.000000 13574.000000
11 2.000000 661.000000 5394.000000 4592.000000 3.000000 10652.000000
11 3.000000 681.000000 10766.000000 5320.000000 4.000000 16774.000000
11 2.000000 4484.000000 3653.000000 4539.000000 3.000000 12681.000000
11 2.000000 187.000000 8569.000000 5610.000000 5.000000 14373.000000
11 3.000000 224.000000 18486.000000 5149.000000 6.000000 23868.000000
11 2.000000 8471.000000 32168.000000 5377.000000 5.000000 46023.000000
11 2.000000 258.000000 19162.000000 6869.000000 5.000000 26296.000000
11 3.000000 212.000000 13112.000000 5283.000000 6.000000 18616.000000
11 2.000000 611.000000 6410.000000 4808.000000 4.000000 11835.000000
11 2.000000 7976.000000 2056.000000 4742.000000 7.000000 14783.000000
11 2.000000 522.000000 8452.000000 4741.000000 5.000000 13722.000000
11 2.000000 4825.000000 5539.000000 5000.000000 5.000000 15371.000000
11 2.000000 15194.000000 10560.000000 11576.000000 4.000000 37336.000000
11 2.000000 858.000000 9289.000000 6351.000000 5.000000 16505.000000
11 2.000000 191.000000 15277.000000 10084.000000 4.000000 25558.000000
11 3.000000 5566.000000 3523.000000 4643.000000 4.000000 13739.000000
11 3.000000 208.000000 14529.000000 4810.000000 4.000000 19554.000000
11 3.000000 288.000000 11415.000000 5346.000000 4.000000 17056.000000
11 2.000000 195.000000 9406.000000 4709.000000 4.000000 14316.000000
11 2.000000 196.000000 7830.000000 5094.000000 4.000000 13126.000000
11 3.000000 197.000000 18410.000000 5391.000000 5.000000 24006.000000
11 2.000000 182.000000 14177.000000 5457.000000 4.000000 19822.000000
11 2.000000 5473.000000 4166.000000 6336.000000 6.000000 15983.000000
11 2.000000 847.000000 17389.000000 7373.000000 4.000000 25615.000000
11 2.000000 5904.000000 4196.000000 4689.000000 3.000000 14794.000000
11 2.000000 3082.000000 5425.000000 6674.000000 5.000000 15188.000000
11 2.000000 190.000000 11921.000000 5989.000000 3.000000 18105.000000
11 2.000000 190.000000 9355.000000 5814.000000 3.000000 15364.000000
11 2.000000 192.000000 19328.000000 5592.000000 6.000000 25120.000000
11 1.000000 205.000000 9901.000000 7649.000000 4.000000 17760.000000
11 2.000000 166.000000 9380.000000 5610.000000 3.000000 15161.000000
11 2.000000 199.000000 18312.000000 27040.000000 6.000000 45559.000000
11 2.000000 265.000000 12046.000000 7079.000000 4.000000 19396.000000
11 2.000000 198.000000 11061.000000 5976.000000 4.000000 17241.000000
11 2.000000 180.000000 13597.000000 5328.000000 5.000000 19112.000000
11 2.000000 185.000000 11796.000000 5287.000000 5.000000 17275.000000
11 2.000000 196.000000 34097.000000 5424.000000 4.000000 39723.000000
11 3.000000 3875.000000 5145.000000 4754.000000 3.000000 13780.000000
11 3.000000 813.000000 4974.000000 5018.000000 3.000000 10811.000000
11 1.000000 582.000000 6820.000000 5571.000000 5.000000 12979.000000
11 2.000000 2303.000000 6143.000000 5090.000000 4.000000 13542.000000
11 3.000000 232.000000 7599.000000 4967.000000 3.000000 12804.000000
11 2.000000 5104.000000 8340.000000 5154.000000 5.000000 18605.000000
11 3.000000 2273.000000 3952.000000 5580.000000 3.000000 11811.000000
11 2.000000 525.000000 7416.000000 17802.000000 4.000000 25749.000000
11 2.000000 21015.000000 2322.000000 5377.000000 6.000000 28722.000000
11 3.000000 690.000000 7864.000000 6980.000000 5.000000 15542.000000
11 2.000000 3865.000000 3960.000000 5620.000000 4.000000 13451.000000
11 2.000000 943.000000 6626.000000 5894.000000 4.000000 13469.000000
11 2.000000 191.000000 7797.000000 4578.000000 4.000000 12572.000000
11 2.000000 511.000000 7724.000000 4531.000000 3.000000 12771.000000
11 2.000000 5508.000000 5040.000000 4527.000000 3.000000 15080.000000
11 3.000000 -996352.000000 5482.000000 4873.000000 4.000000 -985990.000000
11 2.000000 210.000000 10706.000000 5288.000000 5.000000 16211.000000
11 2.000000 6841.000000 3849.000000 5234.000000 5.000000 15931.000000
11 2.000000 208.000000 10675.000000 4568.000000 3.000000 15456.000000
11 2.000000 6866.000000 3290.000000 5256.000000 4.000000 15418.000000
11 2.000000 812.000000 6880.000000 6164.000000 6.000000 13864.000000
11 2.000000 3447.000000 5521.000000 4715.000000 4.000000 13689.000000
11 2.000000 3158.000000 5285.000000 4705.000000 3.000000 13153.000000
11 2.000000 1050.000000 9596.000000 5630.000000 4.000000 16282.000000
11 2.000000 2355.000000 7225.000000 5371.000000 6.000000 14959.000000
11 2.000000 6429.000000 4209.000000 5469.000000 4.000000 16113.000000
11 2.000000 5356.000000 10173.000000 5370.000000 5.000000 20906.000000
11 2.000000 542.000000 8398.000000 4603.000000 4.000000 13549.000000
11 1.000000 571.000000 10461.000000 5978.000000 4.000000 17015.000000
11 2.000000 6483.000000 2852.000000 5523.000000 4.000000 14864.000000
11 2.000000 2074.000000 4847.000000 4697.000000 4.000000 11624.000000
11 2.000000 2252.000000 4320.000000 4557.000000 3.000000 11134.000000
11 1.000000 4738.000000 6284.000000 5403.000000 4.000000 16430.000000
11 2.000000 2219.000000 5830.000000 5758.000000 4.000000 13813.000000
11 3.000000 4464.000000 5378.000000 4500.000000 3.000000 14348.000000
11 2.000000 3173.000000 4025.000000 5129.000000 3.000000 12332.000000
11 2.000000 4912.000000 2764.000000 4481.000000 2.000000 12161.000000
11 3.000000 4363.000000 3670.000000 5437.000000 5.000000 13478.000000
11 2.000000 6356.000000 2734.000000 4644.000000 3.000000 13739.000000
