5 2.000000 98.000000 9081.000000 2618.000000 2.000000 11801.000000
5 1.000000 95.000000 11938.000000 2675.000000 3.000000 14712.000000
5 1.000000 102.000000 7896.000000 2609.000000 2.000000 10610.000000
5 1.000000 99.000000 17450.000000 2704.000000 3.000000 20257.000000
5 1.000000 88.000000 11936.000000 2842.000000 3.000000 14870.000000
5 1.000000 96.000000 14497.000000 2762.000000 3.000000 17359.000000
5 1.000000 81.000000 12088.000000 2544.000000 3.000000 14717.000000
5 1.000000 99.000000 12569.000000 2693.000000 3.000000 15365.000000
5 2.000000 107.000000 12685.000000 2743.000000 3.000000 15540.000000
5 1.000000 112.000000 8652.000000 2860.000000 4.000000 11629.000000
5 2.000000 114.000000 14879.000000 2882.000000 3.000000 17880.000000
5 3.000000 113.000000 8793.000000 2693.000000 3.000000 11605.000000
5 3.000000 217.000000 -991662.000000 2444.000000 3.000000 -988995.000000
5 3.000000 233.000000 9101.000000 2661.000000 3.000000 12001.000000
5 2.000000 114.000000 -988675.000000 2472.000000 2.000000 -986085.000000
5 3.000000 117.000000 7750.000000 2684.000000 4.000000 10558.000000
5 1.000000 571.000000 5777.000000 2285.000000 2.000000 8636.000000
5 2.000000 1108.000000 6104.000000 2510.000000 3.000000 9727.000000
5 2.000000 215.000000 5759.000000 2765.000000 4.000000 8745.000000
5 2.000000 3370.000000 6103.000000 2328.000000 2.000000 11805.000000
5 2.000000 109.000000 5979.000000 2411.000000 3.000000 8504.000000
5 1.000000 560.000000 15229.000000 9613.000000 6.000000 25409.000000
5 1.000000 147.000000 7452.000000 2290.000000 2.000000 9892.000000
5 1.000000 1279.000000 5789.000000 2341.000000 2.000000 9412.000000
5 2.000000 1195.000000 5533.000000 2727.000000 2.000000 9459.000000
5 1.000000 448.000000 5436.000000 2916.000000 3.000000 8804.000000
5 3.000000 248.000000 6924.000000 2301.000000 2.000000 9478.000000
5 2.000000 119.000000 15247.000000 2619.000000 4.000000 17991.000000
5 2.000000 172.000000 5981.000000 2387.000000 3.000000 8545.000000
5 3.000000 158.000000 5997.000000 2363.000000 3.000000 8524.000000
5 2.000000 470.000000 5735.000000 2329.000000 2.000000 8538.000000
5 2.000000 896.000000 5914.000000 2666.000000 1.000000 9479.000000
5 2.000000 1105.000000 8045.000000 -997637.000000 2.000000 -988483.000000
5 2.000000 485.000000 5513.000000 2618.000000 2.000000 8620.000000
5 2.000000 3829.000000 5966.000000 3147.000000 2.000000 12946.000000
5 3.000000 590.000000 6231.000000 2585.000000 3.000000 9412.000000
5 1.000000 85.000000 15481.000000 2839.000000 3.000000 18409.000000
5 1.000000 3280.000000 3377.000000 2642.000000 2.000000 9302.000000
5 2.000000 829.000000 5652.000000 2345.000000 2.000000 8830.000000
5 2.000000 1453.000000 7274.000000 2339.000000 3.000000 11071.000000
5 1.000000 195.000000 5732.000000 2743.000000 3.000000 8674.000000
5 2.000000 122.000000 14341.000000 2675.000000 4.000000 17144.000000
5 2.000000 3359.000000 3779.000000 2370.000000 2.000000 9512.000000
5 2.000000 1006.000000 8049.000000 2403.000000 2.000000 11462.000000
5 2.000000 461.000000 6513.000000 2643.000000 2.000000 9621.000000
5 2.000000 444.000000 7098.000000 2533.000000 2.000000 10079.000000
5 3.000000 180.000000 6553.000000 2326.000000 2.000000 9064.000000
5 1.000000 3935.000000 3769.000000 2473.000000 2.000000 10180.000000
5 2.000000 4392.000000 3006.000000 2323.000000 2.000000 9725.000000
5 1.000000 3241.000000 3688.000000 2415.000000 2.000000 9347.000000
5 1.000000 94.000000 12036.000000 2733.000000 4.000000 14868.000000
5 1.000000 79.000000 8904.000000 2713.000000 3.000000 11700.000000
5 2.000000 98.000000 22414.000000 2653.000000 3.000000 25170.000000
5 1.000000 97.000000 15391.000000 2836.000000 3.000000 18328.000000
5 1.000000 160.000000 10972.000000 2886.000000 4.000000 14023.000000
5 1.000000 995.000000 5903.000000 2794.000000 2.000000 9695.000000
5 2.000000 116.000000 10882.000000 2754.000000 4.000000 13758.000000
5 2.000000 123.000000 11326.000000 2646.000000 5.000000 14102.000000
5 1.000000 1453.000000 11131.000000 2342.000000 2.000000 14929.000000
5 1.000000 3175.000000 5579.000000 2311.000000 2.000000 11068.000000
5 1.000000 862.000000 6856.000000 2426.000000 3.000000 10148.000000
5 3.000000 126.000000 11143.000000 2568.000000 6.000000 13846.000000
5 2.000000 1524.000000 7020.000000 2327.000000 2.000000 10875.000000
5 2.000000 3252.000000 4220.000000 2658.000000 3.000000 10135.000000
5 2.000000 467.000000 6310.000000 2677.000000 2.000000 9458.000000
5 1.000000 119.000000 14913.000000 2874.000000 3.000000 17910.000000
5 2.000000 3380.000000 5225.000000 2387.000000 2.000000 10996.000000
5 2.000000 629.000000 7079.000000 2441.000000 3.000000 10154.000000
5 2.000000 136.000000 7382.000000 2316.000000 2.000000 9838.000000
5 1.000000 113.000000 13985.000000 3033.000000 5.000000 17137.000000
5 2.000000 3819.000000 3893.000000 2787.000000 2.000000 10503.000000
5 3.000000 288.000000 6114.000000 4975.000000 3.000000 11383.000000
5 3.000000 117.000000 12382.000000 2536.000000 2.000000 15040.000000
5 1.000000 787.000000 5477.000000 2287.000000 2.000000 8554.000000
5 1.000000 108.000000 18806.000000 3513.000000 4.000000 22432.000000
5 1.000000 547.000000 6006.000000 2349.000000 2.000000 8905.000000
5 3.000000 129.000000 13111.000000 3177.000000 8.000000 16428.000000
5 2.000000 609.000000 5684.000000 2583.000000 2.000000 8880.000000
5 2.000000 756.000000 6345.000000 4955.000000 2.000000 12060.000000
5 1.000000 3170.000000 4778.000000 2440.000000 1.000000 10390.000000
5 1.000000 154.000000 6736.000000 2362.000000 4.000000 9257.000000
5 2.000000 1034.000000 6730.000000 2353.000000 2.000000 10121.000000
5 2.000000 148.000000 5978.000000 2319.000000 2.000000 8449.000000
5 1.000000 740.000000 7359.000000 2340.000000 2.000000 10442.000000
5 2.000000 153.000000 5616.000000 2440.000000 2.000000 8213.000000
5 1.000000 350.000000 7499.000000 2297.000000 2.000000 10149.000000
5 2.000000 124.000000 14739.000000 2470.000000 2.000000 17337.000000
5 1.000000 3321.000000 3268.000000 2433.000000 1.000000 9024.000000
5 3.000000 158.000000 5862.000000 2389.000000 2.000000 8414.000000
5 2.000000 878.000000 5446.000000 2302.000000 2.000000 8630.000000
5 3.000000 4028.000000 6849.000000 2690.000000 3.000000 13573.000000
5 1.000000 115.000000 10046.000000 2733.000000 7.000000 12902.000000
5 3.000000 115.000000 7697.000000 2435.000000 2.000000 10252.000000
5 2.000000 265.000000 6526.000000 2489.000000 4.000000 9286.000000
5 1.000000 3657.000000 2893.000000 2327.000000 2.000000 8880.000000
5 2.000000 124.000000 13123.000000 2736.000000 4.000000 15989.000000
5 2.000000 1027.000000 7607.000000 2362.000000 2.000000 11000.000000
5 2.000000 3160.000000 5714.000000 2380.000000 2.000000 11258.000000
5 1.000000 3294.000000 3308.000000 2499.000000 2.000000 9104.000000
5 2.000000 121.000000 12102.000000 3060.000000 5.000000 15290.000000
