9 1.000000 157.000000 14875.000000 4751.000000 4.000000 19788.000000
9 1.000000 190.000000 8837.000000 4589.000000 3.000000 13620.000000
9 2.000000 1483.000000 17135.000000 4590.000000 3.000000 23213.000000
9 1.000000 143.000000 10471.000000 4661.000000 4.000000 15280.000000
9 1.000000 151.000000 24132.000000 4761.000000 5.000000 29050.000000
9 1.000000 5474.000000 5399.000000 4807.000000 5.000000 15686.000000
9 2.000000 276.000000 8122.000000 4586.000000 4.000000 12990.000000
9 2.000000 152.000000 12835.000000 4542.000000 3.000000 17534.000000
9 1.000000 181.000000 12614.000000 4483.000000 5.000000 17284.000000
9 2.000000 155.000000 15556.000000 4670.000000 4.000000 20387.000000
9 2.000000 174.000000 8125.000000 4572.000000 4.000000 12877.000000
9 1.000000 515.000000 8397.000000 4516.000000 4.000000 13433.000000
9 2.000000 3894.000000 4793.000000 4261.000000 4.000000 12954.000000
9 3.000000 167.000000 22287.000000 4665.000000 3.000000 27125.000000
9 3.000000 3578.000000 4827.000000 4612.000000 5.000000 13025.000000
9 3.000000 2058.000000 5997.000000 4558.000000 4.000000 12620.000000
9 1.000000 200.000000 6702.000000 4086.000000 3.000000 10992.000000
9 2.000000 3101.000000 3995.000000 3810.000000 3.000000 10911.000000
9 2.000000 4070.000000 4500.000000 3738.000000 2.000000 12312.000000
9 2.000000 4261.000000 2927.000000 3915.000000 2.000000 11107.000000
9 2.000000 2416.000000 4546.000000 3863.000000 2.000000 10829.000000
9 1.000000 1135.000000 5009.000000 4122.000000 3.000000 10270.000000
9 2.000000 161.000000 11436.000000 4399.000000 3.000000 16001.000000
9 2.000000 2685.000000 4354.000000 3803.000000 3.000000 10847.000000
9 1.000000 1067.000000 4763.000000 3785.000000 2.000000 9618.000000
9 1.000000 4648.000000 4208.000000 3835.000000 2.000000 12694.000000
9 2.000000 2847.000000 5896.000000 4479.000000 4.000000 13228.000000
9 3.000000 2244.000000 5636.000000 3818.000000 2.000000 11703.000000
9 3.000000 171.000000 9825.000000 4699.000000 4.000000 14702.000000
9 2.000000 4030.000000 3686.000000 3767.000000 1.000000 11486.000000
9 1.000000 148.000000 18977.000000 4921.000000 3.000000 24050.000000
9 1.000000 3313.000000 4313.000000 3847.000000 2.000000 11476.000000
9 2.000000 594.000000 7537.000000 3749.000000 2.000000 11884.000000
9 1.000000 2463.000000 4931.000000 3943.000000 2.000000 11340.000000
9 2.000000 547.000000 7093.000000 4611.000000 3.000000 12256.000000
9 2.000000 4734.000000 3671.000000 3758.000000 1.000000 12166.000000
9 1.000000 589.000000 5098.000000 3781.000000 2.000000 9471.000000
9 2.000000 3489.000000 4289.000000 3784.000000 3.000000 11567.000000
9 2.000000 5596.000000 2888.000000 4630.000000 3.000000 13119.000000
9 2.000000 2379.000000 4233.000000 3807.000000 4.000000 10425.000000
9 2.000000 11767.000000 10837.000000 5122.000000 4.000000 27732.000000
9 2.000000 490.000000 5202.000000 4382.000000 2.000000 10078.000000
9 2.000000 2295.000000 6216.000000 3856.000000 2.000000 12371.000000
9 2.000000 3294.000000 3207.000000 3886.000000 3.000000 10392.000000
9 2.000000 2905.000000 6500.000000 5690.000000 3.000000 15100.000000
9 2.000000 165.000000 9776.000000 4617.000000 3.000000 14563.000000
9 5.000000 3601.000000 3343.000000 4401.000000 2.000000 11352.000000
9 1.000000 605.000000 6098.000000 4307.000000 2.000000 11013.000000
9 2.000000 485.000000 6155.000000 3731.000000 2.000000 10375.000000
9 1.000000 2409.000000 6222.000000 4086.000000 2.000000 12720.000000
9 2.000000 138.000000 14474.000000 4778.000000 3.000000 19395.000000
9 1.000000 134.000000 12758.000000 4494.000000 3.000000 17390.000000
9 2.000000 162.000000 17931.000000 4882.000000 4.000000 22981.000000
9 3.000000 700.000000 11779.000000 3973.000000 3.000000 16458.000000
9 2.000000 5917.000000 6248.000000 4740.000000 2.000000 16909.000000
9 1.000000 6567.000000 4636.000000 4844.000000 4.000000 16052.000000
9 1.000000 187.000000 11796.000000 4455.000000 4.000000 16443.000000
9 1.000000 2906.000000 7186.000000 4723.000000 3.000000 14819.000000
9 1.000000 161.000000 7402.000000 5390.000000 3.000000 12957.000000
9 2.000000 1504.000000 6795.000000 3722.000000 2.000000 12025.000000
9 2.000000 2689.000000 5652.000000 4370.000000 2.000000 12715.000000
9 1.000000 901.000000 8777.000000 7031.000000 5.000000 16715.000000
9 2.000000 720.000000 5684.000000 3750.000000 2.000000 10158.000000
9 2.000000 2397.000000 3807.000000 4383.000000 3.000000 10592.000000
9 2.000000 3977.000000 4073.000000 4163.000000 3.000000 12218.000000
9 2.000000 4885.000000 3298.000000 3710.000000 2.000000 11897.000000
9 2.000000 143.000000 21036.000000 5210.000000 4.000000 26395.000000
9 1.000000 4943.000000 4192.000000 3855.000000 2.000000 12993.000000
9 2.000000 3058.000000 5839.000000 3767.000000 6.000000 12672.000000
9 2.000000 2347.000000 5266.000000 4410.000000 41.000000 12066.000000
9 2.000000 5117.000000 2766.000000 3716.000000 2.000000 11603.000000
9 2.000000 2164.000000 5834.000000 3821.000000 3.000000 11824.000000
9 2.000000 4044.000000 3442.000000 3852.000000 3.000000 11343.000000
9 3.000000 2926.000000 5243.000000 4202.000000 4.000000 12378.000000
9 2.000000 2249.000000 5981.000000 3786.000000 2.000000 12020.000000
9 2.000000 5629.000000 3439.000000 3715.000000 2.000000 12787.000000
9 3.000000 6572.000000 4391.000000 3982.000000 4.000000 14952.000000
9 3.000000 185.000000 16650.000000 5482.000000 7.000000 22327.000000
9 2.000000 2968.000000 3167.000000 3956.000000 2.000000 10095.000000
9 2.000000 2600.000000 4386.000000 3755.000000 3.000000 10746.000000
9 1.000000 2426.000000 4441.000000 3815.000000 2.000000 10685.000000
9 2.000000 3575.000000 3293.000000 3724.000000 2.000000 10596.000000
9 2.000000 2656.000000 3417.000000 4356.000000 3.000000 10434.000000
9 2.000000 170.000000 11082.000000 4977.000000 2.000000 16233.000000
9 1.000000 2658.000000 4269.000000 4540.000000 2.000000 11470.000000
9 2.000000 2405.000000 6198.000000 4554.000000 3.000000 13162.000000
9 3.000000 2997.000000 5117.000000 3793.000000 2.000000 11912.000000
9 1.000000 2162.000000 4177.000000 4045.000000 5.000000 10390.000000
9 1.000000 4392.000000 3112.000000 3804.000000 2.000000 11311.000000
9 3.000000 927.000000 7159.000000 3735.000000 3.000000 11827.000000
9 3.000000 631.000000 6011.000000 3728.000000 2.000000 10375.000000
9 2.000000 4017.000000 3711.000000 3803.000000 3.000000 11536.000000
9 2.000000 1839.000000 3963.000000 3891.000000 2.000000 9697.000000
9 2.000000 2341.000000 5069.000000 4232.000000 3.000000 11647.000000
9 2.000000 2734.000000 4941.000000 4320.000000 5.000000 12002.000000
9 2.000000 705.000000 5965.000000 3759.000000 2.000000 10433.000000
9 2.000000 2373.000000 4473.000000 4715.000000 4.000000 11567.000000
9 3.000000 180.000000 13219.000000 4471.000000 4.000000 17877.000000
9 2.000000 2623.000000 3604.000000 4456.000000 7.000000 10692.000000
9 3.000000 260.000000 9421.000000 4510.000000 5.000000 14199.000000
