2 1.000000 57.000000 98462.000000 12073.000000 6.000000 110599.000000
2 2.000000 66.000000 92478.000000 12957.000000 6.000000 105509.000000
2 1.000000 42.000000 81230.000000 12009.000000 6.000000 93288.000000
2 2.000000 49.000000 83213.000000 13690.000000 7.000000 96961.000000
2 2.000000 43.000000 85896.000000 13246.000000 8.000000 99195.000000
2 1.000000 66.000000 81317.000000 11446.000000 7.000000 92837.000000
2 2.000000 73.000000 83909.000000 10314.000000 8.000000 94306.000000
2 1.000000 70.000000 84859.000000 15823.000000 7.000000 100760.000000
2 2.000000 69.000000 70044.000000 13568.000000 6.000000 83689.000000
2 2.000000 72.000000 65163.000000 9538.000000 8.000000 74783.000000
2 2.000000 72.000000 79957.000000 9523.000000 7.000000 89561.000000
2 2.000000 71.000000 65749.000000 9605.000000 6.000000 75433.000000
2 2.000000 71.000000 67604.000000 9463.000000 6.000000 77146.000000
2 1.000000 69.000000 64118.000000 10364.000000 8.000000 74560.000000
2 2.000000 68.000000 -933166.000000 18762.000000 7.000000 -914327.000000
2 2.000000 73.000000 79898.000000 15209.000000 6.000000 95188.000000
2 2.000000 69.000000 84774.000000 9510.000000 8.000000 94363.000000
2 2.000000 65.000000 87922.000000 12580.000000 8.000000 100577.000000
2 2.000000 65.000000 79212.000000 16356.000000 7.000000 95642.000000
2 1.000000 73.000000 79784.000000 9460.000000 9.000000 89327.000000
2 1.000000 69.000000 68264.000000 11507.000000 6.000000 79847.000000
2 2.000000 68.000000 81001.000000 9766.000000 7.000000 90844.000000
2 2.000000 74.000000 104537.000000 16693.000000 7.000000 121313.000000
2 2.000000 65.000000 68339.000000 9517.000000 6.000000 77929.000000
2 2.000000 74.000000 82107.000000 16004.000000 7.000000 98194.000000
2 2.000000 73.000000 65963.000000 17115.000000 7.000000 83160.000000
2 2.000000 75.000000 84561.000000 9757.000000 7.000000 94402.000000
2 2.000000 74.000000 64215.000000 14528.000000 7.000000 78826.000000
2 2.000000 70.000000 85336.000000 10395.000000 7.000000 95810.000000
2 2.000000 69.000000 82487.000000 14062.000000 6.000000 96626.000000
2 2.000000 70.000000 78603.000000 9480.000000 7.000000 88162.000000
2 2.000000 69.000000 61819.000000 13383.000000 7.000000 75280.000000
2 2.000000 73.000000 65163.000000 9595.000000 7.000000 74840.000000
2 3.000000 69.000000 -917739.000000 11146.000000 7.000000 -906514.000000
2 2.000000 71.000000 79349.000000 14910.000000 7.000000 94339.000000
2 2.000000 73.000000 65389.000000 15802.000000 7.000000 81273.000000
2 1.000000 76.000000 79363.000000 17908.000000 7.000000 97355.000000
2 1.000000 69.000000 69700.000000 9541.000000 9.000000 79320.000000
2 2.000000 75.000000 78867.000000 9651.000000 8.000000 88603.000000
2 2.000000 69.000000 63663.000000 18411.000000 7.000000 82152.000000
2 3.000000 71.000000 80505.000000 9554.000000 8.000000 90141.000000
2 3.000000 70.000000 83392.000000 15720.000000 9.000000 99194.000000
2 1.000000 70.000000 75936.000000 18123.000000 7.000000 94137.000000
2 1.000000 71.000000 66193.000000 9540.000000 6.000000 75811.000000
2 2.000000 72.000000 83356.000000 10436.000000 7.000000 93873.000000
2 2.000000 73.000000 62501.000000 18121.000000 7.000000 80704.000000
2 2.000000 70.000000 -920336.000000 9485.000000 8.000000 -910771.000000
2 2.000000 65.000000 65796.000000 14806.000000 7.000000 80676.000000
2 3.000000 68.000000 66072.000000 9649.000000 7.000000 75799.000000
2 2.000000 67.000000 81808.000000 9492.000000 6.000000 91375.000000
2 2.000000 49.000000 116507.000000 14806.000000 6.000000 131370.000000
2 2.000000 48.000000 84937.000000 11758.000000 9.000000 96754.000000
2 1.000000 45.000000 86452.000000 11799.000000 9.000000 98306.000000
2 1.000000 45.000000 77524.000000 11527.000000 8.000000 89105.000000
2 1.000000 38.000000 83186.000000 13303.000000 10.000000 96538.000000
2 2.000000 87.000000 105903.000000 11516.000000 8.000000 117516.000000
2 2.000000 69.000000 76599.000000 13238.000000 8.000000 89916.000000
2 2.000000 68.000000 86756.000000 11993.000000 7.000000 98826.000000
2 2.000000 78.000000 81923.000000 12208.000000 8.000000 94219.000000
2 3.000000 66.000000 79669.000000 9395.000000 7.000000 89140.000000
2 2.000000 72.000000 63235.000000 18183.000000 6.000000 81498.000000
2 2.000000 69.000000 83743.000000 -981807.000000 8.000000 -897985.000000
2 2.000000 67.000000 67442.000000 9574.000000 7.000000 77092.000000
2 3.000000 69.000000 85611.000000 12289.000000 7.000000 97979.000000
2 2.000000 68.000000 62262.000000 9444.000000 7.000000 71783.000000
2 2.000000 71.000000 68761.000000 14152.000000 6.000000 82992.000000
2 2.000000 72.000000 67116.000000 9587.000000 8.000000 76785.000000
2 2.000000 74.000000 86309.000000 9414.000000 43.000000 95842.000000
2 2.000000 75.000000 -918826.000000 9769.000000 7.000000 -908973.000000
2 2.000000 73.000000 78630.000000 9419.000000 6.000000 88130.000000
2 2.000000 76.000000 79316.000000 9487.000000 7.000000 88888.000000
2 1.000000 71.000000 62621.000000 9567.000000 6.000000 72266.000000
2 2.000000 75.000000 70420.000000 9885.000000 8.000000 80390.000000
2 2.000000 71.000000 81428.000000 9452.000000 6.000000 90959.000000
2 2.000000 71.000000 -928694.000000 18364.000000 8.000000 -910249.000000
2 3.000000 109.000000 80758.000000 12519.000000 6.000000 93395.000000
2 2.000000 69.000000 68526.000000 14461.000000 7.000000 83065.000000
2 2.000000 69.000000 62989.000000 17914.000000 8.000000 80982.000000
2 2.000000 65.000000 -915596.000000 13894.000000 9.000000 -901626.000000
2 1.000000 76.000000 89080.000000 -990254.000000 8.000000 -901089.000000
2 2.000000 69.000000 64046.000000 10786.000000 8.000000 74911.000000
2 2.000000 73.000000 83307.000000 14813.000000 8.000000 98203.000000
2 2.000000 72.000000 72188.000000 15024.000000 7.000000 87293.000000
2 2.000000 74.000000 84399.000000 17110.000000 10.000000 101595.000000
2 2.000000 67.000000 61431.000000 10175.000000 8.000000 71683.000000
2 2.000000 70.000000 61203.000000 9546.000000 6.000000 70827.000000
2 2.000000 75.000000 84937.000000 17610.000000 10.000000 102634.000000
2 2.000000 71.000000 85168.000000 19012.000000 7.000000 104260.000000
2 17.000000 70.000000 85925.000000 14503.000000 9.000000 100524.000000
2 2.000000 69.000000 79561.000000 9750.000000 9.000000 89391.000000
2 3.000000 75.000000 81594.000000 10410.000000 6.000000 92088.000000
2 2.000000 76.000000 -915517.000000 15663.000000 12.000000 -899764.000000
2 2.000000 68.000000 84966.000000 16679.000000 7.000000 101722.000000
2 3.000000 70.000000 67873.000000 14629.000000 6.000000 82581.000000
2 3.000000 67.000000 67088.000000 9607.000000 9.000000 76774.000000
2 2.000000 78.000000 62482.000000 13739.000000 6.000000 76307.000000
2 2.000000 69.000000 79696.000000 9757.000000 8.000000 89532.000000
2 3.000000 75.000000 106105.000000 9561.000000 7.000000 115751.000000
2 2.000000 68.000000 82779.000000 10072.000000 8.000000 92929.000000
2 3.000000 73.000000 79256.000000 14465.000000 6.000000 93803.000000
