8 1.000000 142.000000 2610.000000 428.000000 1.000000 3182.000000
8 1.000000 135.000000 1364.000000 400.000000 2.000000 1902.000000
8 1.000000 123.000000 2542.000000 431.000000 1.000000 3098.000000
8 1.000000 1702.000000 5005.000000 424.000000 1.000000 7133.000000
8 1.000000 151.000000 9278.000000 443.000000 2.000000 9875.000000
8 1.000000 122.000000 1556.000000 444.000000 1.000000 2124.000000
8 1.000000 143.000000 4694.000000 424.000000 2.000000 5264.000000
8 1.000000 123.000000 3890.000000 414.000000 1.000000 4429.000000
8 1.000000 128.000000 1522.000000 451.000000 2.000000 2104.000000
8 1.000000 900.000000 3164.000000 465.000000 2.000000 4532.000000
8 1.000000 118.000000 1333.000000 452.000000 3.000000 1907.000000
8 1.000000 151.000000 4764.000000 434.000000 2.000000 5352.000000
8 1.000000 132.000000 1460.000000 414.000000 1.000000 2008.000000
8 1.000000 142.000000 1514.000000 409.000000 1.000000 2067.000000
8 3.000000 158.000000 7962.000000 438.000000 2.000000 8563.000000
8 0.000000 134.000000 1733.000000 437.000000 2.000000 2306.000000
8 0.000000 131.000000 3794.000000 411.000000 1.000000 4337.000000
8 2.000000 130.000000 7128.000000 430.000000 1.000000 7691.000000
8 1.000000 128.000000 1760.000000 440.000000 1.000000 2330.000000
8 1.000000 133.000000 1589.000000 666.000000 2.000000 2391.000000
8 1.000000 131.000000 1177.000000 415.000000 1.000000 1725.000000
8 1.000000 152.000000 2787.000000 443.000000 1.000000 3384.000000
8 2.000000 139.000000 1951.000000 443.000000 2.000000 2537.000000
8 1.000000 127.000000 1530.000000 434.000000 1.000000 2093.000000
8 1.000000 135.000000 1799.000000 438.000000 1.000000 2374.000000
8 0.000000 123.000000 1482.000000 422.000000 1.000000 2028.000000
8 2.000000 127.000000 6804.000000 426.000000 1.000000 7360.000000
8 1.000000 273.000000 1709.000000 412.000000 2.000000 2397.000000
8 1.000000 156.000000 1504.000000 442.000000 1.000000 2104.000000
8 1.000000 117.000000 3818.000000 408.000000 1.000000 4345.000000
8 0.000000 251.000000 1427.000000 442.000000 1.000000 2121.000000
8 1.000000 159.000000 2385.000000 430.000000 1.000000 2976.000000
8 1.000000 126.000000 1464.000000 396.000000 1.000000 1988.000000
8 1.000000 122.000000 6811.000000 441.000000 1.000000 7376.000000
8 2.000000 181.000000 1825.000000 424.000000 2.000000 2434.000000
8 1.000000 149.000000 1451.000000 437.000000 1.000000 2039.000000
8 1.000000 121.000000 1533.000000 438.000000 2.000000 2095.000000
8 1.000000 128.000000 3844.000000 392.000000 1.000000 4366.000000
8 1.000000 144.000000 1463.000000 415.000000 1.000000 2024.000000
8 0.000000 872.000000 1843.000000 433.000000 2.000000 3150.000000
8 1.000000 133.000000 1543.000000 438.000000 1.000000 2116.000000
8 1.000000 132.000000 1658.000000 443.000000 1.000000 2235.000000
8 0.000000 132.000000 6211.000000 453.000000 1.000000 6797.000000
8 1.000000 155.000000 1525.000000 490.000000 2.000000 2173.000000
8 1.000000 154.000000 1511.000000 426.000000 1.000000 2093.000000
8 1.000000 137.000000 1549.000000 434.000000 1.000000 2122.000000
8 1.000000 127.000000 1447.000000 449.000000 2.000000 2026.000000
8 1.000000 119.000000 6959.000000 420.000000 2.000000 7501.000000
8 1.000000 156.000000 3716.000000 411.000000 1.000000 4285.000000
8 2.000000 143.000000 1503.000000 415.000000 2.000000 2065.000000
8 1.000000 132.000000 1846.000000 695.000000 1.000000 2675.000000
8 0.000000 1100.000000 1026.000000 419.000000 2.000000 2547.000000
8 1.000000 120.000000 3876.000000 413.000000 1.000000 4411.000000
8 1.000000 131.000000 1670.000000 436.000000 1.000000 2239.000000
8 1.000000 123.000000 9115.000000 406.000000 1.000000 9646.000000
8 0.000000 654.000000 956.000000 420.000000 1.000000 2031.000000
8 1.000000 124.000000 1487.000000 422.000000 1.000000 2035.000000
8 1.000000 113.000000 1444.000000 427.000000 0.000000 1985.000000
8 1.000000 1061.000000 1001.000000 398.000000 2.000000 2463.000000
8 1.000000 961.000000 1118.000000 481.000000 1.000000 2562.000000
8 0.000000 545.000000 830.000000 416.000000 2.000000 1793.000000
8 1.000000 131.000000 1735.000000 430.000000 1.000000 2298.000000
8 1.000000 116.000000 1445.000000 437.000000 1.000000 2000.000000
8 1.000000 1049.000000 717.000000 415.000000 2.000000 2184.000000
8 1.000000 125.000000 1446.000000 414.000000 1.000000 1987.000000
8 3.000000 171.000000 1836.000000 860.000000 2.000000 2872.000000
8 0.000000 155.000000 3052.000000 429.000000 2.000000 3638.000000
8 1.000000 134.000000 7599.000000 437.000000 2.000000 8173.000000
8 0.000000 493.000000 2143.000000 454.000000 2.000000 3092.000000
8 2.000000 130.000000 1786.000000 423.000000 2.000000 2343.000000
8 1.000000 131.000000 1493.000000 437.000000 2.000000 2064.000000
8 2.000000 138.000000 1462.000000 428.000000 1.000000 2031.000000
8 1.000000 126.000000 1475.000000 429.000000 1.000000 2032.000000
8 1.000000 1228.000000 1004.000000 440.000000 2.000000 2675.000000
8 2.000000 136.000000 2160.000000 403.000000 2.000000 2703.000000
8 0.000000 123.000000 1571.000000 421.000000 1.000000 2116.000000
8 1.000000 1180.000000 7682.000000 476.000000 3.000000 9342.000000
8 1.000000 439.000000 1098.000000 419.000000 1.000000 1958.000000
8 0.000000 471.000000 877.000000 421.000000 1.000000 1770.000000
8 1.000000 835.000000 522.000000 408.000000 1.000000 1767.000000
8 2.000000 1139.000000 538.000000 442.000000 1.000000 2122.000000
8 1.000000 155.000000 4474.000000 426.000000 1.000000 5057.000000
8 1.000000 171.000000 1286.000000 414.000000 1.000000 1873.000000
8 0.000000 867.000000 684.000000 389.000000 1.000000 1941.000000
8 1.000000 187.000000 1153.000000 442.000000 1.000000 1784.000000
8 2.000000 999.000000 518.000000 403.000000 2.000000 1924.000000
8 0.000000 124.000000 1401.000000 426.000000 1.000000 1952.000000
8 2.000000 219.000000 2114.000000 458.000000 2.000000 2795.000000
8 0.000000 832.000000 460.000000 423.000000 2.000000 1717.000000
8 2.000000 145.000000 1483.000000 395.000000 2.000000 2027.000000
8 2.000000 160.000000 8235.000000 385.000000 1.000000 8783.000000
8 1.000000 676.000000 4330.000000 420.000000 3.000000 5430.000000
8 1.000000 169.000000 8446.000000 468.000000 3.000000 9087.000000
8 3.000000 155.000000 1459.000000 402.000000 2.000000 2021.000000
8 1.000000 818.000000 4376.000000 404.000000 2.000000 5601.000000
8 0.000000 870.000000 591.000000 385.000000 1.000000 1847.000000
8 1.000000 5424.000000 481.000000 404.000000 1.000000 6311.000000
8 1.000000 488.000000 1137.000000 401.000000 2.000000 2029.000000
8 1.000000 165.000000 1890.000000 468.000000 2.000000 2526.000000
8 1.000000 863.000000 435.000000 430.000000 1.000000 1730.000000
