4 3.000000 85.000000 320.000000 25.000000 1.000000 434.000000
4 3.000000 71.000000 269.000000 26.000000 1.000000 370.000000
4 2.000000 85.000000 246.000000 27.000000 2.000000 362.000000
4 2.000000 100.000000 400.000000 28.000000 1.000000 531.000000
4 3.000000 72.000000 4069.000000 31.000000 1.000000 4176.000000
4 2.000000 65.000000 1766.000000 26.000000 1.000000 1860.000000
4 2.000000 71.000000 282.000000 25.000000 2.000000 382.000000
4 3.000000 68.000000 1252.000000 27.000000 2.000000 1352.000000
4 3.000000 62.000000 260.000000 28.000000 1.000000 354.000000
4 2.000000 68.000000 3238.000000 32.000000 2.000000 3342.000000
4 4.000000 92.000000 3722.000000 26.000000 2.000000 3846.000000
4 4.000000 84.000000 315.000000 24.000000 0.000000 427.000000
4 2.000000 67.000000 263.000000 28.000000 1.000000 361.000000
4 2.000000 65.000000 269.000000 30.000000 1.000000 367.000000
4 2.000000 63.000000 255.000000 25.000000 1.000000 346.000000
4 4.000000 83.000000 2891.000000 26.000000 1.000000 3005.000000
4 2.000000 63.000000 253.000000 26.000000 1.000000 345.000000
4 3.000000 68.000000 7130.000000 29.000000 2.000000 7232.000000
4 2.000000 70.000000 273.000000 26.000000 1.000000 372.000000
4 3.000000 941.000000 4194.000000 33.000000 2.000000 5173.000000
4 4.000000 122.000000 4145.000000 34.000000 1.000000 4306.000000
4 2.000000 73.000000 282.000000 27.000000 1.000000 385.000000
4 2.000000 73.000000 1087.000000 31.000000 1.000000 1194.000000
4 2.000000 77.000000 4542.000000 35.000000 3.000000 4659.000000
4 7.000000 64.000000 7070.000000 31.000000 1.000000 7173.000000
4 2.000000 72.000000 4985.000000 33.000000 3.000000 5095.000000
4 4.000000 81.000000 3238.000000 26.000000 1.000000 3350.000000
4 3.000000 65.000000 267.000000 26.000000 1.000000 362.000000
4 2.000000 75.000000 455.000000 208.000000 1.000000 741.000000
4 2.000000 63.000000 265.000000 28.000000 1.000000 359.000000
4 2.000000 63.000000 255.000000 28.000000 1.000000 349.000000
4 2.000000 60.000000 256.000000 29.000000 1.000000 348.000000
4 3.000000 68.000000 702.000000 25.000000 1.000000 799.000000
4 2.000000 61.000000 257.000000 26.000000 1.000000 347.000000
4 3.000000 59.000000 241.000000 25.000000 1.000000 329.000000
4 2.000000 85.000000 2259.000000 28.000000 1.000000 2375.000000
4 3.000000 61.000000 1142.000000 27.000000 2.000000 1235.000000
4 2.000000 71.000000 3497.000000 29.000000 2.000000 3601.000000
4 2.000000 73.000000 4540.000000 35.000000 3.000000 4653.000000
4 3.000000 77.000000 794.000000 26.000000 1.000000 901.000000
4 3.000000 61.000000 248.000000 26.000000 1.000000 339.000000
4 2.000000 62.000000 280.000000 29.000000 1.000000 374.000000
4 3.000000 93.000000 13770.000000 31.000000 2.000000 13899.000000
4 2.000000 69.000000 1630.000000 26.000000 1.000000 1728.000000
4 3.000000 71.000000 276.000000 25.000000 1.000000 376.000000
4 2.000000 65.000000 2616.000000 29.000000 1.000000 2713.000000
4 4.000000 87.000000 1102.000000 32.000000 2.000000 1227.000000
4 3.000000 69.000000 3795.000000 32.000000 3.000000 3902.000000
4 3.000000 72.000000 292.000000 31.000000 1.000000 399.000000
4 3.000000 75.000000 2695.000000 33.000000 1.000000 2807.000000
4 3.000000 67.000000 261.000000 25.000000 2.000000 358.000000
4 2.000000 62.000000 251.000000 25.000000 1.000000 341.000000
4 2.000000 63.000000 268.000000 27.000000 1.000000 361.000000
4 2.000000 59.000000 274.000000 29.000000 2.000000 366.000000
4 3.000000 67.000000 253.000000 31.000000 1.000000 355.000000
4 3.000000 67.000000 170.000000 29.000000 1.000000 270.000000
4 4.000000 72.000000 4317.000000 29.000000 2.000000 4424.000000
4 3.000000 61.000000 5800.000000 31.000000 2.000000 5897.000000
4 2.000000 55.000000 240.000000 24.000000 2.000000 323.000000
4 2.000000 66.000000 271.000000 26.000000 1.000000 366.000000
4 3.000000 65.000000 264.000000 27.000000 1.000000 360.000000
4 2.000000 63.000000 272.000000 28.000000 1.000000 366.000000
4 3.000000 63.000000 265.000000 26.000000 1.000000 358.000000
4 1.000000 55.000000 170.000000 22.000000 1.000000 249.000000
4 2.000000 61.000000 256.000000 26.000000 1.000000 346.000000
4 2.000000 63.000000 267.000000 30.000000 1.000000 363.000000
4 2.000000 65.000000 294.000000 28.000000 2.000000 391.000000
4 2.000000 65.000000 5560.000000 28.000000 1.000000 5656.000000
4 2.000000 62.000000 253.000000 27.000000 1.000000 345.000000
4 2.000000 63.000000 273.000000 29.000000 1.000000 368.000000
4 2.000000 57.000000 238.000000 24.000000 2.000000 323.000000
4 2.000000 70.000000 284.000000 25.000000 1.000000 382.000000
4 2.000000 71.000000 276.000000 29.000000 1.000000 379.000000
4 2.000000 64.000000 257.000000 25.000000 2.000000 350.000000
4 2.000000 66.000000 261.000000 27.000000 1.000000 357.000000
4 2.000000 73.000000 269.000000 28.000000 2.000000 374.000000
4 2.000000 61.000000 269.000000 27.000000 1.000000 360.000000
4 2.000000 67.000000 265.000000 31.000000 1.000000 366.000000
4 3.000000 59.000000 248.000000 29.000000 1.000000 340.000000
4 3.000000 82.000000 262.000000 29.000000 1.000000 377.000000
4 2.000000 96.000000 258.000000 24.000000 1.000000 381.000000
4 2.000000 62.000000 257.000000 26.000000 1.000000 348.000000
4 1.000000 59.000000 157.000000 25.000000 1.000000 243.000000
4 4.000000 73.000000 3742.000000 34.000000 3.000000 3856.000000
4 2.000000 65.000000 279.000000 27.000000 2.000000 375.000000
4 2.000000 68.000000 288.000000 30.000000 2.000000 390.000000
4 4.000000 81.000000 319.000000 36.000000 2.000000 442.000000
4 2.000000 60.000000 6235.000000 32.000000 2.000000 6331.000000
4 2.000000 61.000000 287.000000 29.000000 1.000000 380.000000
4 2.000000 60.000000 283.000000 28.000000 1.000000 374.000000
4 3.000000 65.000000 282.000000 31.000000 2.000000 383.000000
4 3.000000 69.000000 2965.000000 32.000000 2.000000 3071.000000
4 3.000000 65.000000 263.000000 31.000000 0.000000 362.000000
4 3.000000 69.000000 274.000000 28.000000 2.000000 376.000000
4 2.000000 63.000000 258.000000 25.000000 1.000000 349.000000
4 3.000000 68.000000 278.000000 30.000000 1.000000 380.000000
4 2.000000 67.000000 2824.000000 34.000000 2.000000 2929.000000
4 2.000000 72.000000 5681.000000 32.000000 2.000000 5789.000000
4 3.000000 74.000000 292.000000 27.000000 2.000000 398.000000
4 2.000000 77.000000 283.000000 28.000000 2.000000 392.000000
