6 1.000000 1159.000000 81108.000000 29885.000000 8.000000 112161.000000
6 1.000000 982.000000 58288.000000 29845.000000 8.000000 89124.000000
6 1.000000 1021.000000 74029.000000 30111.000000 8.000000 105170.000000
6 2.000000 160.000000 -936135.000000 29896.000000 6.000000 -906071.000000
6 2.000000 143.000000 67731.000000 34032.000000 10.000000 101918.000000
6 2.000000 197.000000 88655.000000 33154.000000 8.000000 122016.000000
6 2.000000 2660.000000 52039.000000 27157.000000 9.000000 81867.000000
6 2.000000 215.000000 -944535.000000 27402.000000 13.000000 -916903.000000
6 2.000000 420.000000 58570.000000 27231.000000 8.000000 86231.000000
6 3.000000 1383.000000 50452.000000 28898.000000 9.000000 80745.000000
6 2.000000 180.000000 57965.000000 26640.000000 8.000000 84795.000000
6 2.000000 552.000000 50373.000000 26232.000000 8.000000 77167.000000
6 2.000000 212.000000 60557.000000 31721.000000 11.000000 92503.000000
6 2.000000 190.000000 55197.000000 33081.000000 10.000000 88480.000000
6 2.000000 203.000000 72668.000000 28476.000000 9.000000 101358.000000
6 2.000000 271.000000 62746.000000 27725.000000 12.000000 90756.000000
6 2.000000 8746.000000 54670.000000 29401.000000 8.000000 92827.000000
6 2.000000 9792.000000 63621.000000 29297.000000 7.000000 102719.000000
6 2.000000 926.000000 53884.000000 26932.000000 10.000000 81754.000000
6 1.000000 555.000000 67110.000000 28584.000000 8.000000 96258.000000
6 2.000000 135.000000 -946371.000000 29606.000000 8.000000 -916620.000000
6 2.000000 204.000000 62317.000000 29034.000000 9.000000 91566.000000
6 2.000000 8665.000000 49698.000000 29899.000000 8.000000 88272.000000
6 2.000000 129.000000 61958.000000 42971.000000 12.000000 105072.000000
6 3.000000 13533.000000 39127.000000 28900.000000 9.000000 81572.000000
6 2.000000 296.000000 58452.000000 28122.000000 9.000000 86881.000000
6 2.000000 628.000000 63259.000000 27355.000000 9.000000 91253.000000
6 2.000000 1667.000000 54656.000000 28843.000000 9.000000 85177.000000
6 2.000000 188.000000 51103.000000 31782.000000 9.000000 83084.000000
6 3.000000 2010.000000 59065.000000 30767.000000 9.000000 91854.000000
6 3.000000 559.000000 50574.000000 31063.000000 10.000000 82209.000000
6 2.000000 834.000000 57209.000000 32682.000000 9.000000 90736.000000
6 2.000000 201.000000 48730.000000 27855.000000 9.000000 76797.000000
6 2.000000 11192.000000 45309.000000 30488.000000 8.000000 86999.000000
6 2.000000 448.000000 59835.000000 26085.000000 7.000000 86377.000000
6 2.000000 561.000000 59017.000000 27143.000000 8.000000 86731.000000
6 3.000000 1733.000000 46563.000000 28977.000000 8.000000 77284.000000
6 3.000000 221.000000 50900.000000 27112.000000 7.000000 78243.000000
6 2.000000 207.000000 47430.000000 29430.000000 9.000000 77078.000000
6 3.000000 8182.000000 47141.000000 29548.000000 9.000000 84883.000000
6 3.000000 425.000000 49947.000000 27125.000000 7.000000 77507.000000
6 3.000000 956.000000 54602.000000 31522.000000 8.000000 87091.000000
6 2.000000 1677.000000 51835.000000 26640.000000 10.000000 80164.000000
6 2.000000 328.000000 48997.000000 30190.000000 12.000000 79529.000000
6 2.000000 707.000000 57191.000000 27131.000000 8.000000 85039.000000
6 2.000000 184.000000 64471.000000 27332.000000 9.000000 91998.000000
6 2.000000 1286.000000 68325.000000 31498.000000 8.000000 101119.000000
6 2.000000 489.000000 61428.000000 28432.000000 8.000000 90359.000000
6 2.000000 511.000000 55040.000000 26229.000000 9.000000 81791.000000
6 1.000000 94.000000 62243.000000 27053.000000 7.000000 89398.000000
6 2.000000 96.000000 80755.000000 35722.000000 7.000000 116582.000000
6 1.000000 8032.000000 62668.000000 27736.000000 8.000000 98445.000000
6 3.000000 140.000000 95119.000000 28581.000000 9.000000 123852.000000
6 3.000000 161.000000 76148.000000 28205.000000 8.000000 104525.000000
6 3.000000 151.000000 90702.000000 30617.000000 8.000000 121481.000000
6 3.000000 131.000000 67188.000000 29465.000000 7.000000 96794.000000
6 2.000000 234.000000 57627.000000 31975.000000 9.000000 89847.000000
6 2.000000 1305.000000 53923.000000 29314.000000 8.000000 84552.000000
6 2.000000 251.000000 48697.000000 27672.000000 9.000000 76631.000000
6 2.000000 12760.000000 57951.000000 30615.000000 7.000000 101335.000000
6 2.000000 526.000000 50808.000000 28297.000000 9.000000 79642.000000
6 2.000000 7813.000000 44801.000000 28375.000000 8.000000 80999.000000
6 2.000000 194.000000 54510.000000 35287.000000 8.000000 90001.000000
6 3.000000 192.000000 53425.000000 27033.000000 8.000000 80661.000000
6 3.000000 210.000000 50214.000000 29413.000000 8.000000 79848.000000
6 2.000000 591.000000 56995.000000 27895.000000 8.000000 85491.000000
6 2.000000 743.000000 53343.000000 33641.000000 9.000000 87738.000000
6 2.000000 1611.000000 51163.000000 32232.000000 9.000000 85017.000000
6 2.000000 610.000000 63427.000000 30730.000000 8.000000 94777.000000
6 2.000000 462.000000 52606.000000 31628.000000 9.000000 84707.000000
6 2.000000 697.000000 50457.000000 30575.000000 7.000000 81738.000000
6 2.000000 474.000000 49508.000000 29165.000000 7.000000 79156.000000
6 2.000000 233.000000 51104.000000 28794.000000 6.000000 80139.000000
6 2.000000 1126.000000 50826.000000 26674.000000 10.000000 78638.000000
6 1.000000 509.000000 52805.000000 28671.000000 7.000000 81993.000000
6 2.000000 153.000000 51159.000000 32259.000000 10.000000 83583.000000
6 2.000000 13163.000000 42514.000000 32647.000000 9.000000 88335.000000
6 2.000000 182.000000 52326.000000 30394.000000 8.000000 82912.000000
6 1.000000 28074.000000 27658.000000 30859.000000 7.000000 86599.000000
6 2.000000 2661.000000 64923.000000 29901.000000 9.000000 97496.000000
6 2.000000 631.000000 52699.000000 28296.000000 10.000000 81638.000000
6 2.000000 693.000000 54407.000000 26292.000000 9.000000 81403.000000
6 1.000000 204.000000 43982.000000 31525.000000 5.000000 75717.000000
6 2.000000 117.000000 55769.000000 34856.000000 7.000000 90751.000000
6 3.000000 699.000000 42144.000000 35468.000000 7.000000 78321.000000
6 2.000000 366.000000 43579.000000 32888.000000 6.000000 76841.000000
6 3.000000 658.000000 44675.000000 34672.000000 9.000000 80017.000000
6 1.000000 402.000000 51243.000000 32069.000000 7.000000 83722.000000
6 3.000000 333.000000 42504.000000 31969.000000 7.000000 74816.000000
6 2.000000 171.000000 44569.000000 31684.000000 7.000000 76433.000000
6 2.000000 732.000000 45552.000000 32180.000000 8.000000 78474.000000
6 2.000000 215.000000 44640.000000 31761.000000 8.000000 76626.000000
6 2.000000 726.000000 43351.000000 27835.000000 7.000000 71921.000000
6 2.000000 15740.000000 39081.000000 30337.000000 7.000000 85167.000000
6 2.000000 315.000000 44217.000000 32795.000000 8.000000 77337.000000
6 2.000000 4506.000000 -961499.000000 28136.000000 7.000000 -928848.000000
6 3.000000 467.000000 47700.000000 30902.000000 8.000000 79080.000000
6 2.000000 640.000000 43526.000000 31370.000000 10.000000 75548.000000
6 1.000000 1610.000000 43233.000000 27356.000000 10.000000 72210.000000
6 2.000000 492.000000 42545.000000 31567.000000 9.000000 74615.000000
