5 1.000000 89.000000 1462.000000 281.000000 2.000000 1835.000000
5 2.000000 899.000000 1876.000000 263.000000 1.000000 3041.000000
5 2.000000 120.000000 2456.000000 263.000000 1.000000 2842.000000
5 2.000000 224.000000 3095.000000 254.000000 1.000000 3576.000000
5 2.000000 120.000000 2004.000000 261.000000 2.000000 2389.000000
5 2.000000 123.000000 1505.000000 257.000000 1.000000 1888.000000
5 1.000000 81.000000 1490.000000 275.000000 1.000000 1848.000000
5 0.000000 2773.000000 1293.000000 259.000000 2.000000 4327.000000
5 3.000000 123.000000 6547.000000 271.000000 2.000000 6946.000000
5 2.000000 786.000000 783.000000 286.000000 1.000000 1858.000000
5 1.000000 89.000000 1450.000000 259.000000 2.000000 1801.000000
5 1.000000 90.000000 5932.000000 261.000000 2.000000 6286.000000
5 2.000000 127.000000 1276.000000 260.000000 1.000000 1666.000000
5 1.000000 83.000000 1170.000000 269.000000 1.000000 1524.000000
5 2.000000 80.000000 1122.000000 268.000000 1.000000 1473.000000
5 1.000000 99.000000 2967.000000 466.000000 2.000000 3535.000000
5 2.000000 129.000000 1532.000000 274.000000 2.000000 1939.000000
5 0.000000 418.000000 1511.000000 270.000000 1.000000 2200.000000
5 1.000000 106.000000 3198.000000 260.000000 2.000000 3567.000000
5 0.000000 1312.000000 1675.000000 273.000000 1.000000 3261.000000
5 1.000000 93.000000 6425.000000 255.000000 1.000000 6775.000000
5 1.000000 377.000000 1548.000000 288.000000 1.000000 2215.000000
5 0.000000 1142.000000 536.000000 240.000000 1.000000 1919.000000
5 2.000000 96.000000 33052.000000 286.000000 2.000000 33438.000000
5 1.000000 107.000000 3785.000000 276.000000 1.000000 4170.000000
5 1.000000 122.000000 5915.000000 274.000000 3.000000 6315.000000
5 2.000000 100.000000 4620.000000 403.000000 3.000000 5128.000000
5 1.000000 112.000000 7985.000000 277.000000 2.000000 8377.000000
5 2.000000 116.000000 1615.000000 276.000000 2.000000 2011.000000
5 1.000000 98.000000 1324.000000 263.000000 1.000000 1687.000000
5 1.000000 102.000000 1539.000000 260.000000 2.000000 1904.000000
5 2.000000 116.000000 5006.000000 268.000000 3.000000 5395.000000
5 1.000000 120.000000 6803.000000 314.000000 2.000000 7240.000000
5 1.000000 430.000000 1561.000000 261.000000 2.000000 2255.000000
5 1.000000 745.000000 2542.000000 279.000000 2.000000 3569.000000
5 2.000000 124.000000 1555.000000 285.000000 2.000000 1968.000000
5 1.000000 814.000000 3519.000000 256.000000 2.000000 4592.000000
5 2.000000 120.000000 1338.000000 261.000000 2.000000 1723.000000
5 1.000000 131.000000 7935.000000 261.000000 1.000000 8329.000000
5 2.000000 116.000000 2459.000000 275.000000 1.000000 2853.000000
5 1.000000 118.000000 2449.000000 270.000000 2.000000 2840.000000
5 1.000000 85.000000 1652.000000 260.000000 2.000000 2000.000000
5 2.000000 780.000000 440.000000 278.000000 1.000000 1501.000000
5 1.000000 197.000000 1185.000000 264.000000 2.000000 1649.000000
5 1.000000 82.000000 1502.000000 261.000000 1.000000 1847.000000
5 0.000000 85.000000 1396.000000 259.000000 2.000000 1742.000000
5 1.000000 100.000000 1508.000000 289.000000 2.000000 1900.000000
5 2.000000 85.000000 1553.000000 309.000000 1.000000 1950.000000
5 3.000000 196.000000 5176.000000 270.000000 2.000000 5647.000000
5 2.000000 94.000000 12725.000000 276.000000 2.000000 13099.000000
5 2.000000 90.000000 1710.000000 269.000000 1.000000 2072.000000
5 2.000000 115.000000 2204.000000 267.000000 2.000000 2590.000000
5 1.000000 109.000000 7532.000000 254.000000 2.000000 7898.000000
5 1.000000 107.000000 7564.000000 261.000000 1.000000 7934.000000
5 2.000000 1142.000000 4596.000000 264.000000 1.000000 6005.000000
5 2.000000 81.000000 1449.000000 288.000000 1.000000 1821.000000
5 1.000000 102.000000 1825.000000 284.000000 1.000000 2213.000000
5 1.000000 76.000000 3931.000000 284.000000 1.000000 4293.000000
5 1.000000 99.000000 3422.000000 270.000000 1.000000 3793.000000
5 2.000000 108.000000 5239.000000 259.000000 1.000000 5609.000000
5 2.000000 115.000000 8855.000000 276.000000 2.000000 9250.000000
5 3.000000 126.000000 10893.000000 277.000000 1.000000 11300.000000
5 2.000000 95.000000 1935.000000 272.000000 1.000000 2305.000000
5 1.000000 89.000000 3237.000000 269.000000 2.000000 3598.000000
5 1.000000 82.000000 1648.000000 287.000000 1.000000 2019.000000
5 1.000000 86.000000 1453.000000 273.000000 2.000000 1815.000000
5 2.000000 1536.000000 15059.000000 262.000000 2.000000 16861.000000
5 1.000000 88.000000 -996218.000000 349.000000 2.000000 -995778.000000
5 1.000000 91.000000 1373.000000 290.000000 2.000000 1757.000000
5 1.000000 108.000000 5163.000000 262.000000 1.000000 5535.000000
5 1.000000 144.000000 5283.000000 269.000000 2.000000 5699.000000
5 1.000000 96.000000 1395.000000 309.000000 1.000000 1802.000000
5 2.000000 96.000000 1213.000000 285.000000 1.000000 1597.000000
5 1.000000 85.000000 1541.000000 285.000000 2.000000 1914.000000
5 1.000000 96.000000 1558.000000 389.000000 2.000000 2046.000000
5 2.000000 98.000000 9942.000000 262.000000 1.000000 10305.000000
5 1.000000 97.000000 2818.000000 284.000000 2.000000 3202.000000
5 1.000000 108.000000 1538.000000 285.000000 1.000000 1933.000000
5 0.000000 720.000000 555.000000 250.000000 1.000000 1526.000000
5 2.000000 482.000000 1096.000000 247.000000 1.000000 1828.000000
5 1.000000 102.000000 2352.000000 241.000000 1.000000 2697.000000
5 2.000000 113.000000 1332.000000 264.000000 2.000000 1713.000000
5 2.000000 110.000000 15232.000000 279.000000 2.000000 15625.000000
5 1.000000 751.000000 939.000000 276.000000 2.000000 1969.000000
5 2.000000 109.000000 1521.000000 291.000000 2.000000 1925.000000
5 1.000000 1129.000000 845.000000 282.000000 2.000000 2259.000000
5 1.000000 82.000000 3064.000000 280.000000 1.000000 3428.000000
5 1.000000 4783.000000 878.000000 276.000000 1.000000 5939.000000
5 1.000000 165.000000 788.000000 257.000000 1.000000 1212.000000
5 1.000000 73.000000 1527.000000 284.000000 1.000000 1886.000000
5 2.000000 103.000000 1571.000000 285.000000 2.000000 1963.000000
5 1.000000 107.000000 1531.000000 271.000000 1.000000 1911.000000
5 2.000000 115.000000 1494.000000 264.000000 2.000000 1877.000000
5 1.000000 93.000000 1357.000000 231.000000 0.000000 1682.000000
5 0.000000 87.000000 1555.000000 285.000000 2.000000 1929.000000
5 1.000000 105.000000 1527.000000 267.000000 1.000000 1901.000000
5 2.000000 119.000000 1570.000000 287.000000 2.000000 1980.000000
5 1.000000 83.000000 1419.000000 286.000000 2.000000 1791.000000
5 0.000000 349.000000 505.000000 228.000000 0.000000 1082.000000
5 1.000000 91.000000 1438.000000 272.000000 2.000000 1804.000000
