2 1.000000 64.000000 2816.000000 139.000000 1.000000 3021.000000
2 1.000000 54.000000 6517.000000 120.000000 1.000000 6693.000000
2 1.000000 65.000000 3080.000000 129.000000 2.000000 3277.000000
2 2.000000 61.000000 2360.000000 118.000000 1.000000 2542.000000
2 2.000000 71.000000 3230.000000 134.000000 2.000000 3439.000000
2 2.000000 69.000000 13038.000000 139.000000 3.000000 13251.000000
2 1.000000 71.000000 1256.000000 131.000000 1.000000 1460.000000
2 1.000000 45.000000 983.000000 131.000000 1.000000 1161.000000
2 1.000000 75.000000 3471.000000 140.000000 1.000000 3688.000000
2 2.000000 85.000000 1723.000000 135.000000 1.000000 1946.000000
2 1.000000 50.000000 1751.000000 126.000000 1.000000 1929.000000
2 1.000000 47.000000 3568.000000 131.000000 1.000000 3748.000000
2 2.000000 67.000000 2759.000000 128.000000 1.000000 2957.000000
2 2.000000 61.000000 1697.000000 126.000000 2.000000 1888.000000
2 1.000000 54.000000 1400.000000 126.000000 2.000000 1583.000000
2 2.000000 66.000000 2408.000000 129.000000 2.000000 2607.000000
2 1.000000 57.000000 1310.000000 127.000000 1.000000 1496.000000
2 1.000000 47.000000 1558.000000 127.000000 1.000000 1734.000000
2 0.000000 52.000000 1265.000000 129.000000 1.000000 1447.000000
2 1.000000 53.000000 1235.000000 126.000000 0.000000 1415.000000
2 1.000000 45.000000 4961.000000 121.000000 2.000000 5130.000000
2 1.000000 50.000000 5712.000000 636.000000 1.000000 6400.000000
2 1.000000 54.000000 2122.000000 130.000000 1.000000 2308.000000
2 1.000000 44.000000 1549.000000 140.000000 1.000000 1735.000000
2 1.000000 64.000000 5078.000000 154.000000 2.000000 5299.000000
2 2.000000 60.000000 12958.000000 133.000000 2.000000 13155.000000
2 1.000000 64.000000 1485.000000 137.000000 1.000000 1688.000000
2 1.000000 51.000000 1813.000000 137.000000 1.000000 2003.000000
2 1.000000 38.000000 6932.000000 136.000000 1.000000 7108.000000
2 2.000000 74.000000 1612.000000 163.000000 2.000000 1853.000000
2 2.000000 76.000000 1999.000000 133.000000 2.000000 2212.000000
2 1.000000 2369.000000 1604.000000 133.000000 1.000000 4108.000000
2 3.000000 84.000000 1546.000000 130.000000 2.000000 1765.000000
2 2.000000 60.000000 1587.000000 138.000000 1.000000 1788.000000
2 2.000000 79.000000 1516.000000 132.000000 2.000000 1731.000000
2 2.000000 71.000000 1635.000000 134.000000 1.000000 1843.000000
2 1.000000 48.000000 808.000000 113.000000 1.000000 971.000000
2 0.000000 47.000000 5111.000000 131.000000 2.000000 5291.000000
2 0.000000 48.000000 802.000000 103.000000 1.000000 954.000000
2 3.000000 140.000000 1511.000000 114.000000 0.000000 1768.000000
2 1.000000 42.000000 1199.000000 111.000000 2.000000 1355.000000
2 0.000000 43.000000 866.000000 128.000000 2.000000 1039.000000
2 1.000000 41.000000 975.000000 133.000000 0.000000 1150.000000
2 1.000000 63.000000 1508.000000 125.000000 1.000000 1698.000000
2 1.000000 52.000000 816.000000 125.000000 1.000000 995.000000
2 2.000000 77.000000 1834.000000 139.000000 1.000000 2053.000000
2 0.000000 49.000000 1504.000000 124.000000 2.000000 1679.000000
2 0.000000 56.000000 883.000000 126.000000 1.000000 1066.000000
2 2.000000 76.000000 1681.000000 133.000000 1.000000 1893.000000
2 0.000000 48.000000 796.000000 125.000000 1.000000 970.000000
2 2.000000 88.000000 2504.000000 104.000000 1.000000 2699.000000
2 1.000000 70.000000 2707.000000 189.000000 2.000000 2969.000000
2 2.000000 84.000000 2792.000000 123.000000 1.000000 3002.000000
2 1.000000 78.000000 1636.000000 110.000000 1.000000 1826.000000
2 2.000000 65.000000 4929.000000 134.000000 1.000000 5131.000000
2 2.000000 59.000000 9529.000000 125.000000 1.000000 9716.000000
2 1.000000 58.000000 2644.000000 135.000000 1.000000 2839.000000
2 2.000000 48.000000 1596.000000 139.000000 1.000000 1786.000000
2 1.000000 54.000000 3164.000000 133.000000 1.000000 3353.000000
2 1.000000 56.000000 1646.000000 122.000000 2.000000 1827.000000
2 2.000000 70.000000 2106.000000 119.000000 1.000000 2298.000000
2 1.000000 51.000000 1562.000000 117.000000 1.000000 1732.000000
2 1.000000 54.000000 1928.000000 135.000000 2.000000 2120.000000
2 2.000000 64.000000 1444.000000 131.000000 0.000000 1641.000000
2 1.000000 53.000000 2184.000000 138.000000 1.000000 2377.000000
2 0.000000 55.000000 1655.000000 138.000000 1.000000 1849.000000
2 1.000000 45.000000 1523.000000 120.000000 1.000000 1690.000000
2 1.000000 58.000000 1550.000000 138.000000 1.000000 1748.000000
2 2.000000 79.000000 5138.000000 132.000000 2.000000 5353.000000
2 1.000000 48.000000 23529.000000 127.000000 2.000000 23707.000000
2 1.000000 36.000000 1110.000000 113.000000 1.000000 1261.000000
2 1.000000 51.000000 937.000000 125.000000 1.000000 1115.000000
2 1.000000 51.000000 4791.000000 134.000000 2.000000 4979.000000
2 1.000000 48.000000 1789.000000 127.000000 1.000000 1966.000000
2 1.000000 58.000000 1630.000000 114.000000 2.000000 1805.000000
2 2.000000 81.000000 7302.000000 134.000000 2.000000 7521.000000
2 2.000000 63.000000 10177.000000 121.000000 1.000000 10364.000000
2 3.000000 82.000000 9440.000000 137.000000 2.000000 9664.000000
2 1.000000 49.000000 1161.000000 108.000000 1.000000 1320.000000
2 2.000000 72.000000 1650.000000 133.000000 2.000000 1859.000000
2 1.000000 59.000000 1383.000000 114.000000 1.000000 1558.000000
2 1.000000 54.000000 1506.000000 127.000000 1.000000 1689.000000
2 1.000000 39.000000 837.000000 101.000000 1.000000 979.000000
2 2.000000 78.000000 6448.000000 144.000000 2.000000 6674.000000
2 1.000000 58.000000 867.000000 107.000000 1.000000 1034.000000
2 2.000000 63.000000 1709.000000 141.000000 2.000000 1917.000000
2 1.000000 59.000000 918.000000 130.000000 1.000000 1109.000000
2 1.000000 47.000000 856.000000 136.000000 1.000000 1041.000000
2 0.000000 40.000000 3110.000000 129.000000 1.000000 3280.000000
2 1.000000 63.000000 1635.000000 142.000000 2.000000 1843.000000
2 1.000000 67.000000 3372.000000 141.000000 1.000000 3582.000000
2 2.000000 72.000000 1543.000000 127.000000 1.000000 1745.000000
2 1.000000 69.000000 882.000000 136.000000 1.000000 1089.000000
2 1.000000 42.000000 997.000000 97.000000 0.000000 1137.000000
2 0.000000 50.000000 2588.000000 140.000000 2.000000 2780.000000
2 1.000000 67.000000 1549.000000 123.000000 2.000000 1742.000000
2 2.000000 109.000000 1533.000000 132.000000 2.000000 1778.000000
2 0.000000 44.000000 5095.000000 138.000000 1.000000 5278.000000
2 0.000000 40.000000 837.000000 106.000000 1.000000 984.000000
2 1.000000 76.000000 1515.000000 130.000000 2.000000 1724.000000
