4 1000 2.000000 62.000000 283.000000 47.000000 2.000000 396.000000
4 1000 3.000000 73.000000 1340.000000 34.000000 2.000000 1452.000000
4 1000 2.000000 81.000000 183.000000 40.000000 2.000000 308.000000
4 1000 3.000000 86.000000 218.000000 57.000000 2.000000 366.000000
4 1000 3.000000 88.000000 236.000000 52.000000 2.000000 381.000000
4 1000 3.000000 88.000000 271.000000 42.000000 2.000000 406.000000
4 1000 3.000000 91.000000 237.000000 53.000000 2.000000 386.000000
4 1000 3.000000 84.000000 230.000000 54.000000 1.000000 372.000000
4 1000 2.000000 112.000000 208.000000 55.000000 3.000000 380.000000
4 1000 2.000000 91.000000 247.000000 48.000000 2.000000 390.000000
