7 2.000000 126.000000 103017.000000 34690.000000 6.000000 137841.000000
7 1.000000 1180.000000 64859.000000 35480.000000 8.000000 101528.000000
7 2.000000 475.000000 58044.000000 31444.000000 9.000000 89974.000000
7 2.000000 284.000000 63676.000000 33740.000000 7.000000 97709.000000
7 1.000000 230.000000 56484.000000 36068.000000 8.000000 92791.000000
7 1.000000 461.000000 50434.000000 33785.000000 11.000000 84692.000000
7 2.000000 20975.000000 28459.000000 34178.000000 7.000000 83621.000000
7 2.000000 1035.000000 44550.000000 33294.000000 8.000000 78889.000000
7 2.000000 790.000000 44205.000000 34094.000000 7.000000 79098.000000
7 2.000000 742.000000 48184.000000 33287.000000 7.000000 82222.000000
7 2.000000 2903.000000 48829.000000 36186.000000 7.000000 87927.000000
7 2.000000 994.000000 43865.000000 -966033.000000 10.000000 -921162.000000
7 2.000000 549.000000 44187.000000 31026.000000 7.000000 75771.000000
7 1.000000 10051.000000 36317.000000 34394.000000 8.000000 80771.000000
7 2.000000 1932.000000 -957335.000000 33520.000000 7.000000 -921874.000000
7 1.000000 920.000000 42800.000000 39833.000000 8.000000 83562.000000
7 2.000000 2992.000000 40421.000000 31913.000000 7.000000 75335.000000
7 3.000000 766.000000 44697.000000 32230.000000 8.000000 77704.000000
7 1.000000 893.000000 45248.000000 33160.000000 7.000000 79309.000000
7 2.000000 815.000000 43550.000000 34036.000000 8.000000 78411.000000
7 2.000000 863.000000 48252.000000 34304.000000 9.000000 83430.000000
7 2.000000 2866.000000 45309.000000 31932.000000 6.000000 80115.000000
7 3.000000 10787.000000 34152.000000 30614.000000 7.000000 75563.000000
7 1.000000 17177.000000 30070.000000 36102.000000 7.000000 83357.000000
7 1.000000 1225.000000 44326.000000 34089.000000 6.000000 79647.000000
7 2.000000 1036.000000 43331.000000 30645.000000 8.000000 75022.000000
7 1.000000 1545.000000 44539.000000 33778.000000 8.000000 79871.000000
7 2.000000 429.000000 44561.000000 33639.000000 7.000000 78638.000000
7 2.000000 12449.000000 39552.000000 30953.000000 7.000000 82963.000000
7 2.000000 2157.000000 44781.000000 31344.000000 8.000000 78292.000000
7 2.000000 199.000000 45455.000000 -964296.000000 7.000000 -918633.000000
7 2.000000 1211.000000 45687.000000 30998.000000 7.000000 77905.000000
7 2.000000 3300.000000 42841.000000 34338.000000 7.000000 80488.000000
7 2.000000 563.000000 44678.000000 43422.000000 7.000000 88672.000000
7 1.000000 11190.000000 33762.000000 34507.000000 7.000000 79467.000000
7 1.000000 1303.000000 44884.000000 31719.000000 7.000000 77914.000000
7 2.000000 505.000000 45547.000000 33484.000000 8.000000 79546.000000
7 2.000000 773.000000 44044.000000 32969.000000 7.000000 77795.000000
7 1.000000 3714.000000 41984.000000 29900.000000 8.000000 75607.000000
7 2.000000 289.000000 44237.000000 32669.000000 8.000000 77205.000000
7 2.000000 2383.000000 54890.000000 34175.000000 9.000000 91459.000000
7 2.000000 2784.000000 50318.000000 34698.000000 7.000000 87809.000000
7 2.000000 1337.000000 44532.000000 36094.000000 7.000000 81972.000000
7 2.000000 1166.000000 46403.000000 -964290.000000 7.000000 -916712.000000
7 2.000000 2992.000000 48921.000000 36918.000000 7.000000 88840.000000
7 2.000000 8269.000000 37402.000000 32306.000000 8.000000 77987.000000
7 2.000000 892.000000 45374.000000 33770.000000 8.000000 80046.000000
7 2.000000 15316.000000 32739.000000 32772.000000 9.000000 80838.000000
7 2.000000 14805.000000 48618.000000 37593.000000 8.000000 101026.000000
7 2.000000 10821.000000 33281.000000 32668.000000 7.000000 76779.000000
7 1.000000 147.000000 75624.000000 33156.000000 6.000000 108934.000000
7 1.000000 525.000000 -947287.000000 33084.000000 6.000000 -913671.000000
7 1.000000 1457.000000 59576.000000 31078.000000 9.000000 92121.000000
7 2.000000 194.000000 53811.000000 32199.000000 9.000000 86215.000000
7 1.000000 159.000000 60653.000000 -968309.000000 7.000000 -907489.000000
7 2.000000 673.000000 75843.000000 34023.000000 6.000000 110547.000000
7 2.000000 196.000000 56966.000000 37481.000000 10.000000 94655.000000
7 2.000000 559.000000 44528.000000 34268.000000 11.000000 79368.000000
7 3.000000 16935.000000 30824.000000 35449.000000 7.000000 83218.000000
7 2.000000 3002.000000 46162.000000 35168.000000 8.000000 84342.000000
7 2.000000 1103.000000 45000.000000 31296.000000 8.000000 77409.000000
7 2.000000 381.000000 -949008.000000 33110.000000 8.000000 -915507.000000
7 1.000000 1318.000000 47862.000000 32495.000000 7.000000 81683.000000
7 2.000000 831.000000 42040.000000 28235.000000 7.000000 71115.000000
7 2.000000 552.000000 43670.000000 31448.000000 8.000000 75680.000000
7 3.000000 17477.000000 27613.000000 -965161.000000 7.000000 -920061.000000
7 2.000000 912.000000 44434.000000 33953.000000 8.000000 79309.000000
7 3.000000 847.000000 43683.000000 34760.000000 7.000000 79300.000000
7 2.000000 15986.000000 -960080.000000 33968.000000 8.000000 -910116.000000
7 2.000000 729.000000 44489.000000 31927.000000 7.000000 77154.000000
7 2.000000 4589.000000 39523.000000 34636.000000 6.000000 78756.000000
7 1.000000 1510.000000 44587.000000 32379.000000 9.000000 78486.000000
7 3.000000 13744.000000 32491.000000 33491.000000 8.000000 79737.000000
7 2.000000 1033.000000 43571.000000 32162.000000 7.000000 76775.000000
7 2.000000 6712.000000 39812.000000 30863.000000 7.000000 77396.000000
7 2.000000 1162.000000 46439.000000 34379.000000 8.000000 81990.000000
7 2.000000 620.000000 45118.000000 33612.000000 8.000000 79360.000000
7 1.000000 494.000000 46488.000000 33925.000000 7.000000 80915.000000
7 2.000000 11682.000000 42325.000000 32769.000000 7.000000 86785.000000
7 2.000000 541.000000 -953957.000000 31641.000000 8.000000 -921765.000000
7 3.000000 6894.000000 48978.000000 34290.000000 8.000000 90173.000000
7 3.000000 449.000000 44658.000000 34123.000000 11.000000 79244.000000
7 2.000000 875.000000 51951.000000 28319.000000 7.000000 81154.000000
7 2.000000 11049.000000 40338.000000 41088.000000 8.000000 92485.000000
7 2.000000 480.000000 52941.000000 -968120.000000 6.000000 -914691.000000
7 1.000000 692.000000 45219.000000 35474.000000 7.000000 81393.000000
7 2.000000 15107.000000 28858.000000 33148.000000 8.000000 77123.000000
7 3.000000 914.000000 43660.000000 34386.000000 8.000000 78971.000000
7 3.000000 1760.000000 47189.000000 39183.000000 8.000000 88143.000000
7 3.000000 4118.000000 41311.000000 33359.000000 8.000000 78799.000000
7 2.000000 560.000000 47069.000000 35399.000000 8.000000 83038.000000
7 3.000000 601.000000 44548.000000 33000.000000 7.000000 78159.000000
7 3.000000 348.000000 46245.000000 31861.000000 7.000000 78464.000000
7 2.000000 1805.000000 42364.000000 32756.000000 7.000000 76934.000000
7 2.000000 1167.000000 44998.000000 32634.000000 9.000000 78810.000000
7 2.000000 255.000000 44048.000000 33163.000000 8.000000 77476.000000
7 2.000000 633.000000 44608.000000 34139.000000 7.000000 79389.000000
7 2.000000 3968.000000 44781.000000 34779.000000 8.000000 83538.000000
7 2.000000 622.000000 44370.000000 33374.000000 7.000000 78375.000000
7 2.000000 20650.000000 27785.000000 35195.000000 8.000000 83640.000000
