8 4.000000 115.000000 341.000000 44.000000 0.000000 504.000000
8 3.000000 477.000000 585.000000 44.000000 1.000000 1110.000000
8 3.000000 123.000000 350.000000 46.000000 1.000000 523.000000
8 3.000000 121.000000 4106.000000 52.000000 1.000000 4283.000000
8 5.000000 135.000000 1624.000000 48.000000 1.000000 1813.000000
8 2.000000 649.000000 2921.000000 50.000000 1.000000 3623.000000
8 2.000000 104.000000 328.000000 48.000000 1.000000 483.000000
8 2.000000 112.000000 331.000000 45.000000 1.000000 491.000000
8 2.000000 105.000000 316.000000 65.000000 1.000000 489.000000
8 3.000000 1037.000000 5431.000000 56.000000 2.000000 6529.000000
8 7.000000 135.000000 6719.000000 52.000000 2.000000 6915.000000
8 4.000000 125.000000 9581.000000 53.000000 2.000000 9765.000000
8 5.000000 165.000000 448.000000 46.000000 1.000000 665.000000
8 4.000000 124.000000 343.000000 43.000000 1.000000 515.000000
8 3.000000 123.000000 366.000000 48.000000 1.000000 541.000000
8 2.000000 148.000000 346.000000 46.000000 1.000000 543.000000
8 2.000000 110.000000 317.000000 42.000000 1.000000 472.000000
8 4.000000 131.000000 8108.000000 44.000000 1.000000 8288.000000
8 2.000000 114.000000 358.000000 47.000000 1.000000 522.000000
8 3.000000 115.000000 350.000000 42.000000 1.000000 511.000000
8 3.000000 116.000000 319.000000 45.000000 1.000000 484.000000
8 2.000000 122.000000 392.000000 47.000000 1.000000 564.000000
8 4.000000 128.000000 361.000000 43.000000 1.000000 537.000000
8 3.000000 125.000000 378.000000 43.000000 1.000000 550.000000
8 2.000000 127.000000 435.000000 46.000000 1.000000 611.000000
8 3.000000 116.000000 460.000000 44.000000 1.000000 624.000000
8 2.000000 131.000000 289.000000 43.000000 1.000000 466.000000
8 4.000000 143.000000 397.000000 43.000000 2.000000 589.000000
8 3.000000 109.000000 333.000000 47.000000 1.000000 493.000000
8 5.000000 126.000000 4354.000000 49.000000 3.000000 4537.000000
8 3.000000 122.000000 365.000000 50.000000 1.000000 541.000000
8 2.000000 994.000000 452.000000 45.000000 2.000000 1495.000000
8 3.000000 115.000000 4435.000000 47.000000 1.000000 4601.000000
8 2.000000 110.000000 2357.000000 47.000000 1.000000 2517.000000
8 4.000000 114.000000 317.000000 43.000000 1.000000 479.000000
8 3.000000 261.000000 559.000000 47.000000 1.000000 871.000000
8 3.000000 107.000000 278.000000 42.000000 1.000000 431.000000
8 6.000000 136.000000 1120.000000 46.000000 1.000000 1309.000000
8 4.000000 211.000000 148.000000 43.000000 1.000000 407.000000
8 2.000000 114.000000 334.000000 43.000000 1.000000 494.000000
8 4.000000 114.000000 333.000000 46.000000 1.000000 498.000000
8 2.000000 109.000000 321.000000 3387.000000 3.000000 3822.000000
8 2.000000 109.000000 375.000000 46.000000 1.000000 533.000000
8 2.000000 130.000000 240.000000 48.000000 1.000000 421.000000
8 3.000000 832.000000 880.000000 48.000000 1.000000 1764.000000
8 2.000000 128.000000 684.000000 45.000000 2.000000 861.000000
8 2.000000 134.000000 5927.000000 50.000000 1.000000 6114.000000
8 1.000000 108.000000 526.000000 46.000000 1.000000 682.000000
8 4.000000 3863.000000 737.000000 50.000000 1.000000 4655.000000
8 2.000000 118.000000 1604.000000 47.000000 1.000000 1772.000000
8 3.000000 131.000000 370.000000 48.000000 1.000000 553.000000
8 3.000000 126.000000 366.000000 49.000000 1.000000 545.000000
8 3.000000 145.000000 5340.000000 50.000000 1.000000 5539.000000
8 3.000000 142.000000 10608.000000 47.000000 2.000000 10802.000000
8 2.000000 132.000000 354.000000 46.000000 1.000000 535.000000
8 2.000000 120.000000 3799.000000 43.000000 1.000000 3965.000000
8 2.000000 127.000000 2058.000000 45.000000 1.000000 2233.000000
8 2.000000 120.000000 424.000000 52.000000 1.000000 599.000000
8 3.000000 136.000000 5469.000000 53.000000 2.000000 5663.000000
8 3.000000 115.000000 332.000000 42.000000 1.000000 493.000000
8 2.000000 135.000000 445.000000 43.000000 1.000000 626.000000
8 2.000000 110.000000 322.000000 46.000000 1.000000 481.000000
8 3.000000 119.000000 332.000000 44.000000 1.000000 499.000000
8 3.000000 126.000000 360.000000 48.000000 1.000000 538.000000
8 4.000000 1048.000000 784.000000 45.000000 1.000000 1882.000000
8 3.000000 136.000000 653.000000 46.000000 1.000000 839.000000
8 4.000000 290.000000 1480.000000 91.000000 1.000000 1866.000000
8 4.000000 136.000000 2820.000000 54.000000 1.000000 3015.000000
8 3.000000 120.000000 344.000000 47.000000 0.000000 514.000000
8 3.000000 120.000000 337.000000 48.000000 0.000000 508.000000
8 4.000000 130.000000 384.000000 43.000000 1.000000 562.000000
8 2.000000 114.000000 341.000000 50.000000 1.000000 508.000000
8 2.000000 126.000000 386.000000 48.000000 0.000000 562.000000
8 3.000000 110.000000 289.000000 43.000000 1.000000 446.000000
8 3.000000 114.000000 1334.000000 46.000000 1.000000 1498.000000
8 2.000000 118.000000 348.000000 45.000000 1.000000 514.000000
8 3.000000 116.000000 508.000000 46.000000 1.000000 674.000000
8 2.000000 133.000000 372.000000 45.000000 1.000000 553.000000
8 2.000000 446.000000 9879.000000 45.000000 1.000000 10373.000000
8 2.000000 115.000000 333.000000 47.000000 0.000000 497.000000
8 3.000000 112.000000 340.000000 44.000000 1.000000 500.000000
8 3.000000 129.000000 378.000000 48.000000 1.000000 559.000000
8 2.000000 108.000000 345.000000 47.000000 1.000000 503.000000
8 2.000000 116.000000 395.000000 46.000000 1.000000 560.000000
8 1.000000 114.000000 270.000000 45.000000 1.000000 431.000000
8 2.000000 112.000000 353.000000 50.000000 1.000000 518.000000
8 3.000000 112.000000 3132.000000 45.000000 2.000000 3294.000000
8 2.000000 125.000000 368.000000 45.000000 1.000000 541.000000
8 4.000000 136.000000 2543.000000 44.000000 2.000000 2729.000000
8 4.000000 130.000000 4676.000000 44.000000 1.000000 4855.000000
8 2.000000 121.000000 2372.000000 49.000000 2.000000 2546.000000
8 3.000000 120.000000 375.000000 47.000000 1.000000 546.000000
8 2.000000 105.000000 687.000000 44.000000 1.000000 839.000000
8 2.000000 439.000000 551.000000 42.000000 1.000000 1035.000000
8 1.000000 144.000000 3486.000000 46.000000 1.000000 3678.000000
8 2.000000 119.000000 362.000000 42.000000 1.000000 526.000000
8 3.000000 108.000000 2298.000000 51.000000 2.000000 2462.000000
8 2.000000 118.000000 5054.000000 52.000000 1.000000 5227.000000
8 2.000000 107.000000 343.000000 43.000000 1.000000 496.000000
8 3.000000 1587.000000 4445.000000 56.000000 2.000000 6093.000000
