1 6.000000 51.000000 4240.000000 1.000000 3.000000 4301.000000
1 2.000000 29.000000 1946.000000 2.000000 2.000000 1981.000000
1 3.000000 26.000000 280.000000 1.000000 2.000000 312.000000
1 3.000000 26.000000 247.000000 2.000000 2.000000 280.000000
1 2.000000 27.000000 273.000000 1.000000 2.000000 305.000000
1 3.000000 29.000000 269.000000 1.000000 2.000000 304.000000
1 3.000000 24.000000 261.000000 2.000000 1.000000 291.000000
1 2.000000 26.000000 281.000000 2.000000 1.000000 312.000000
1 5.000000 37.000000 1888.000000 2.000000 2.000000 1934.000000
1 4.000000 33.000000 3208.000000 2.000000 2.000000 3249.000000
1 3.000000 28.000000 327.000000 1.000000 2.000000 361.000000
1 3.000000 34.000000 3814.000000 2.000000 2.000000 3855.000000
1 2.000000 27.000000 284.000000 1.000000 2.000000 316.000000
1 3.000000 30.000000 1583.000000 1.000000 2.000000 1619.000000
1 4.000000 33.000000 5092.000000 2.000000 2.000000 5133.000000
1 2.000000 18.000000 413.000000 1.000000 2.000000 436.000000
1 2.000000 26.000000 269.000000 1.000000 1.000000 299.000000
1 3.000000 28.000000 276.000000 2.000000 1.000000 310.000000
1 3.000000 30.000000 15520.000000 1.000000 3.000000 15557.000000
1 2.000000 53.000000 13969.000000 1.000000 4.000000 14029.000000
1 2.000000 30.000000 478.000000 2.000000 1.000000 513.000000
1 3.000000 28.000000 475.000000 1.000000 3.000000 510.000000
1 3.000000 26.000000 3539.000000 2.000000 2.000000 3572.000000
1 2.000000 26.000000 277.000000 1.000000 2.000000 308.000000
1 4.000000 34.000000 2082.000000 1.000000 2.000000 2123.000000
1 2.000000 37.000000 1285.000000 1.000000 3.000000 1328.000000
1 4.000000 33.000000 4043.000000 1.000000 3.000000 4084.000000
1 2.000000 32.000000 277.000000 1.000000 2.000000 314.000000
1 4.000000 32.000000 267.000000 2.000000 2.000000 307.000000
1 3.000000 27.000000 2221.000000 1.000000 2.000000 2254.000000
1 2.000000 27.000000 3861.000000 2.000000 2.000000 3894.000000
1 2.000000 26.000000 4310.000000 2.000000 2.000000 4342.000000
1 4.000000 30.000000 289.000000 2.000000 2.000000 327.000000
1 3.000000 34.000000 255.000000 1.000000 2.000000 295.000000
1 4.000000 28.000000 595.000000 2.000000 2.000000 631.000000
1 3.000000 27.000000 265.000000 2.000000 1.000000 298.000000
1 4.000000 32.000000 1915.000000 1.000000 2.000000 1954.000000
1 3.000000 35.000000 1862.000000 2.000000 2.000000 1904.000000
1 3.000000 31.000000 7716.000000 2.000000 6.000000 7758.000000
1 2.000000 23.000000 259.000000 1.000000 2.000000 287.000000
1 3.000000 33.000000 3821.000000 2.000000 2.000000 3861.000000
1 2.000000 28.000000 1030.000000 1.000000 3.000000 1064.000000
1 2.000000 384.000000 1345.000000 1.000000 3.000000 1735.000000
1 2.000000 27.000000 3707.000000 2.000000 2.000000 3740.000000
1 6.000000 29.000000 1420.000000 1.000000 2.000000 1458.000000
1 4.000000 28.000000 2295.000000 1.000000 2.000000 2330.000000
1 3.000000 38.000000 18289.000000 1.000000 3.000000 18334.000000
1 2.000000 32.000000 1393.000000 1.000000 2.000000 1430.000000
1 2.000000 28.000000 273.000000 1.000000 2.000000 306.000000
1 4.000000 24.000000 247.000000 1.000000 2.000000 278.000000
1 4.000000 34.000000 328.000000 2.000000 2.000000 370.000000
1 2.000000 21.000000 253.000000 2.000000 1.000000 279.000000
1 3.000000 24.000000 277.000000 1.000000 3.000000 308.000000
1 2.000000 19.000000 208.000000 1.000000 2.000000 232.000000
1 2.000000 23.000000 256.000000 1.000000 2.000000 284.000000
1 3.000000 26.000000 412.000000 2.000000 2.000000 445.000000
1 2.000000 23.000000 251.000000 1.000000 2.000000 279.000000
1 2.000000 24.000000 292.000000 1.000000 2.000000 321.000000
1 2.000000 24.000000 271.000000 1.000000 2.000000 300.000000
1 2.000000 24.000000 262.000000 1.000000 2.000000 291.000000
1 2.000000 25.000000 247.000000 1.000000 2.000000 277.000000
1 3.000000 24.000000 414.000000 1.000000 2.000000 444.000000
1 2.000000 23.000000 474.000000 1.000000 2.000000 502.000000
1 2.000000 216.000000 106.000000 2.000000 2.000000 328.000000
1 3.000000 23.000000 243.000000 1.000000 2.000000 272.000000
1 3.000000 27.000000 1158.000000 1.000000 2.000000 1191.000000
1 2.000000 27.000000 262.000000 1.000000 1.000000 293.000000
1 3.000000 26.000000 276.000000 2.000000 2.000000 309.000000
1 2.000000 25.000000 257.000000 2.000000 2.000000 288.000000
1 2.000000 21.000000 225.000000 1.000000 2.000000 251.000000
1 2.000000 24.000000 273.000000 1.000000 2.000000 302.000000
1 3.000000 29.000000 237.000000 2.000000 2.000000 273.000000
1 2.000000 22.000000 250.000000 1.000000 2.000000 277.000000
1 2.000000 25.000000 269.000000 1.000000 2.000000 299.000000
1 3.000000 25.000000 274.000000 1.000000 2.000000 305.000000
1 2.000000 23.000000 400.000000 2.000000 2.000000 429.000000
1 2.000000 24.000000 274.000000 2.000000 1.000000 303.000000
1 2.000000 26.000000 252.000000 2.000000 1.000000 283.000000
1 3.000000 23.000000 239.000000 2.000000 1.000000 268.000000
1 3.000000 29.000000 264.000000 1.000000 2.000000 299.000000
1 3.000000 18.000000 232.000000 2.000000 1.000000 256.000000
1 3.000000 21.000000 231.000000 2.000000 1.000000 258.000000
1 3.000000 23.000000 411.000000 1.000000 2.000000 440.000000
1 3.000000 24.000000 268.000000 2.000000 2.000000 299.000000
1 4.000000 36.000000 293.000000 2.000000 2.000000 337.000000
1 2.000000 24.000000 260.000000 1.000000 2.000000 289.000000
1 3.000000 24.000000 252.000000 1.000000 2.000000 282.000000
1 2.000000 22.000000 251.000000 2.000000 2.000000 279.000000
1 2.000000 23.000000 259.000000 2.000000 2.000000 288.000000
1 2.000000 26.000000 262.000000 2.000000 2.000000 294.000000
1 4.000000 31.000000 290.000000 1.000000 2.000000 328.000000
1 5.000000 33.000000 292.000000 1.000000 2.000000 333.000000
1 2.000000 43.000000 16635.000000 2.000000 3.000000 16685.000000
1 3.000000 31.000000 277.000000 1.000000 2.000000 314.000000
1 2.000000 28.000000 276.000000 1.000000 2.000000 309.000000
1 2.000000 30.000000 313.000000 1.000000 2.000000 348.000000
1 3.000000 29.000000 284.000000 1.000000 2.000000 319.000000
1 3.000000 36.000000 3506.000000 2.000000 3.000000 3550.000000
1 2.000000 29.000000 262.000000 2.000000 2.000000 297.000000
1 3.000000 29.000000 285.000000 2.000000 2.000000 321.000000
