3 3.000000 74.000000 591.000000 28.000000 1.000000 697.000000
3 3.000000 69.000000 2846.000000 23.000000 1.000000 2942.000000
3 2.000000 53.000000 262.000000 20.000000 1.000000 338.000000
3 2.000000 56.000000 279.000000 20.000000 1.000000 358.000000
3 5.000000 49.000000 7693.000000 26.000000 1.000000 7774.000000
3 2.000000 60.000000 3088.000000 25.000000 2.000000 3177.000000
3 2.000000 53.000000 260.000000 20.000000 0.000000 335.000000
3 3.000000 55.000000 281.000000 22.000000 1.000000 362.000000
3 4.000000 69.000000 248.000000 23.000000 1.000000 345.000000
3 3.000000 63.000000 290.000000 25.000000 1.000000 382.000000
3 2.000000 56.000000 290.000000 21.000000 1.000000 370.000000
3 3.000000 49.000000 3860.000000 30.000000 2.000000 3944.000000
3 2.000000 47.000000 258.000000 20.000000 0.000000 327.000000
3 3.000000 106.000000 323.000000 25.000000 1.000000 458.000000
3 3.000000 53.000000 258.000000 24.000000 1.000000 339.000000
3 3.000000 60.000000 3178.000000 23.000000 2.000000 3266.000000
3 2.000000 49.000000 279.000000 23.000000 1.000000 354.000000
3 3.000000 61.000000 1524.000000 25.000000 1.000000 1614.000000
3 5.000000 81.000000 2335.000000 22.000000 1.000000 2444.000000
3 2.000000 51.000000 676.000000 23.000000 1.000000 753.000000
3 3.000000 51.000000 282.000000 21.000000 1.000000 358.000000
3 3.000000 48.000000 262.000000 24.000000 1.000000 338.000000
3 2.000000 47.000000 236.000000 19.000000 1.000000 305.000000
3 5.000000 77.000000 5250.000000 25.000000 1.000000 5358.000000
3 2.000000 56.000000 264.000000 21.000000 1.000000 344.000000
3 2.000000 80.000000 272.000000 23.000000 1.000000 378.000000
3 2.000000 52.000000 289.000000 24.000000 1.000000 368.000000
3 4.000000 70.000000 2572.000000 31.000000 2.000000 2679.000000
3 1.000000 1286.000000 355.000000 19.000000 1.000000 1662.000000
3 2.000000 88.000000 179.000000 18.000000 1.000000 288.000000
3 3.000000 65.000000 3136.000000 28.000000 1.000000 3233.000000
3 2.000000 64.000000 293.000000 19.000000 1.000000 379.000000
3 3.000000 49.000000 1515.000000 20.000000 1.000000 1588.000000
3 2.000000 46.000000 247.000000 18.000000 1.000000 314.000000
3 3.000000 54.000000 301.000000 22.000000 1.000000 381.000000
3 3.000000 56.000000 277.000000 19.000000 1.000000 356.000000
3 3.000000 51.000000 314.000000 24.000000 1.000000 393.000000
3 3.000000 52.000000 9102.000000 26.000000 1.000000 9184.000000
3 4.000000 438.000000 581.000000 22.000000 1.000000 1046.000000
3 3.000000 55.000000 301.000000 22.000000 1.000000 382.000000
3 2.000000 61.000000 302.000000 23.000000 1.000000 389.000000
3 2.000000 45.000000 251.000000 20.000000 1.000000 319.000000
3 2.000000 55.000000 261.000000 23.000000 1.000000 342.000000
3 2.000000 46.000000 260.000000 24.000000 1.000000 333.000000
3 2.000000 57.000000 10352.000000 21.000000 2.000000 10434.000000
3 2.000000 52.000000 548.000000 23.000000 1.000000 626.000000
3 3.000000 47.000000 2205.000000 27.000000 2.000000 2284.000000
3 3.000000 54.000000 274.000000 20.000000 1.000000 352.000000
3 2.000000 47.000000 255.000000 23.000000 1.000000 328.000000
3 5.000000 57.000000 6467.000000 24.000000 2.000000 6555.000000
3 3.000000 67.000000 1039.000000 21.000000 1.000000 1131.000000
3 2.000000 59.000000 284.000000 21.000000 1.000000 367.000000
3 2.000000 72.000000 4527.000000 22.000000 2.000000 4625.000000
3 4.000000 64.000000 292.000000 23.000000 1.000000 384.000000
3 2.000000 57.000000 284.000000 20.000000 1.000000 364.000000
3 2.000000 63.000000 2003.000000 26.000000 1.000000 2095.000000
3 4.000000 48.000000 287.000000 24.000000 1.000000 364.000000
3 2.000000 48.000000 13932.000000 25.000000 1.000000 14008.000000
3 3.000000 70.000000 349.000000 26.000000 2.000000 450.000000
3 3.000000 188.000000 346.000000 20.000000 1.000000 558.000000
3 2.000000 58.000000 302.000000 26.000000 1.000000 389.000000
3 2.000000 56.000000 1159.000000 20.000000 1.000000 1238.000000
3 3.000000 63.000000 684.000000 25.000000 1.000000 776.000000
3 3.000000 54.000000 466.000000 21.000000 1.000000 545.000000
3 3.000000 59.000000 277.000000 20.000000 0.000000 359.000000
3 2.000000 62.000000 1182.000000 22.000000 1.000000 1269.000000
3 4.000000 67.000000 4738.000000 19.000000 1.000000 4829.000000
3 2.000000 48.000000 253.000000 23.000000 1.000000 327.000000
3 4.000000 387.000000 544.000000 21.000000 1.000000 957.000000
3 2.000000 57.000000 309.000000 23.000000 1.000000 392.000000
3 3.000000 54.000000 3700.000000 24.000000 2.000000 3783.000000
3 2.000000 57.000000 306.000000 21.000000 1.000000 387.000000
3 2.000000 56.000000 358.000000 21.000000 1.000000 438.000000
3 2.000000 56.000000 287.000000 21.000000 1.000000 367.000000
3 2.000000 189.000000 245.000000 24.000000 1.000000 461.000000
3 3.000000 55.000000 309.000000 23.000000 2.000000 392.000000
3 3.000000 57.000000 3026.000000 22.000000 1.000000 3109.000000
3 2.000000 58.000000 269.000000 20.000000 1.000000 350.000000
3 2.000000 61.000000 954.000000 26.000000 1.000000 1044.000000
3 4.000000 60.000000 714.000000 22.000000 1.000000 801.000000
3 3.000000 50.000000 274.000000 22.000000 1.000000 350.000000
3 4.000000 63.000000 4214.000000 24.000000 1.000000 4306.000000
3 2.000000 57.000000 339.000000 23.000000 2.000000 423.000000
3 3.000000 76.000000 5107.000000 30.000000 1.000000 5217.000000
3 2.000000 56.000000 540.000000 21.000000 0.000000 619.000000
3 2.000000 1067.000000 -993418.000000 30.000000 2.000000 -992317.000000
3 3.000000 52.000000 1507.000000 28.000000 1.000000 1591.000000
3 2.000000 67.000000 2598.000000 22.000000 1.000000 2690.000000
3 3.000000 59.000000 268.000000 23.000000 1.000000 354.000000
3 2.000000 46.000000 255.000000 23.000000 1.000000 327.000000
3 3.000000 53.000000 274.000000 19.000000 1.000000 350.000000
3 3.000000 63.000000 297.000000 24.000000 1.000000 388.000000
3 2.000000 63.000000 4861.000000 26.000000 2.000000 4954.000000
3 3.000000 53.000000 267.000000 23.000000 1.000000 347.000000
3 2.000000 50.000000 268.000000 20.000000 1.000000 341.000000
3 2.000000 64.000000 291.000000 21.000000 1.000000 379.000000
3 3.000000 56.000000 284.000000 19.000000 1.000000 363.000000
3 3.000000 68.000000 318.000000 21.000000 1.000000 411.000000
3 3.000000 52.000000 262.000000 21.000000 1.000000 339.000000
3 2.000000 50.000000 250.000000 22.000000 1.000000 325.000000
