10 2.000000 147.000000 400.000000 52.000000 1.000000 602.000000
10 3.000000 155.000000 400.000000 51.000000 2.000000 611.000000
10 3.000000 159.000000 5214.000000 57.000000 2.000000 5435.000000
10 2.000000 2468.000000 1207.000000 60.000000 1.000000 3738.000000
10 2.000000 125.000000 334.000000 250.000000 1.000000 712.000000
10 3.000000 165.000000 380.000000 114.000000 1.000000 663.000000
10 3.000000 160.000000 397.000000 57.000000 1.000000 618.000000
10 2.000000 137.000000 345.000000 51.000000 0.000000 535.000000
10 3.000000 173.000000 530.000000 62.000000 1.000000 769.000000
10 4.000000 145.000000 8907.000000 66.000000 2.000000 9124.000000
10 4.000000 223.000000 461.000000 56.000000 1.000000 745.000000
10 3.000000 845.000000 436.000000 55.000000 1.000000 1340.000000
10 3.000000 181.000000 478.000000 55.000000 1.000000 718.000000
10 3.000000 138.000000 398.000000 55.000000 1.000000 595.000000
10 3.000000 155.000000 690.000000 54.000000 2.000000 904.000000
10 2.000000 140.000000 368.000000 57.000000 1.000000 568.000000
10 5.000000 180.000000 10131.000000 55.000000 2.000000 10373.000000
10 2.000000 158.000000 19284.000000 59.000000 2.000000 19505.000000
10 3.000000 149.000000 390.000000 57.000000 2.000000 601.000000
10 4.000000 167.000000 625.000000 53.000000 1.000000 850.000000
10 2.000000 139.000000 383.000000 56.000000 1.000000 581.000000
10 2.000000 142.000000 350.000000 53.000000 1.000000 548.000000
10 2.000000 141.000000 396.000000 59.000000 1.000000 599.000000
10 5.000000 152.000000 3325.000000 59.000000 1.000000 3542.000000
10 2.000000 130.000000 372.000000 53.000000 1.000000 558.000000
10 4.000000 145.000000 376.000000 60.000000 1.000000 586.000000
10 3.000000 170.000000 387.000000 57.000000 1.000000 618.000000
10 4.000000 144.000000 6082.000000 54.000000 1.000000 6285.000000
10 3.000000 177.000000 394.000000 57.000000 1.000000 632.000000
10 3.000000 145.000000 6540.000000 59.000000 2.000000 6749.000000
10 2.000000 155.000000 1484.000000 53.000000 1.000000 1695.000000
10 3.000000 895.000000 397.000000 55.000000 1.000000 1351.000000
10 2.000000 159.000000 5797.000000 55.000000 2.000000 6015.000000
10 2.000000 134.000000 389.000000 53.000000 1.000000 579.000000
10 3.000000 143.000000 637.000000 55.000000 1.000000 839.000000
10 2.000000 137.000000 2874.000000 55.000000 2.000000 3070.000000
10 2.000000 139.000000 1650.000000 54.000000 1.000000 1846.000000
10 2.000000 127.000000 346.000000 60.000000 1.000000 536.000000
10 2.000000 127.000000 701.000000 58.000000 1.000000 889.000000
10 2.000000 152.000000 360.000000 51.000000 1.000000 566.000000
10 2.000000 128.000000 354.000000 1682.000000 3.000000 2169.000000
10 3.000000 156.000000 1630.000000 52.000000 0.000000 1841.000000
10 3.000000 135.000000 1368.000000 56.000000 1.000000 1563.000000
10 2.000000 151.000000 508.000000 56.000000 1.000000 718.000000
10 3.000000 146.000000 396.000000 54.000000 1.000000 600.000000
10 3.000000 137.000000 364.000000 60.000000 1.000000 565.000000
10 4.000000 157.000000 3346.000000 61.000000 2.000000 3570.000000
10 5.000000 224.000000 625.000000 55.000000 1.000000 910.000000
10 2.000000 142.000000 859.000000 60.000000 1.000000 1064.000000
10 2.000000 171.000000 384.000000 54.000000 1.000000 612.000000
10 3.000000 156.000000 394.000000 51.000000 1.000000 605.000000
10 3.000000 163.000000 8545.000000 57.000000 2.000000 8770.000000
10 3.000000 159.000000 413.000000 58.000000 1.000000 634.000000
10 1.000000 191.000000 4537.000000 55.000000 1.000000 4785.000000
10 3.000000 164.000000 2291.000000 55.000000 1.000000 2514.000000
10 2.000000 145.000000 736.000000 56.000000 1.000000 940.000000
10 2.000000 146.000000 385.000000 54.000000 1.000000 588.000000
10 3.000000 170.000000 434.000000 58.000000 2.000000 667.000000
10 2.000000 161.000000 438.000000 55.000000 1.000000 657.000000
10 3.000000 150.000000 401.000000 54.000000 0.000000 608.000000
10 2.000000 766.000000 160.000000 55.000000 1.000000 984.000000
10 2.000000 138.000000 2218.000000 55.000000 1.000000 2414.000000
10 3.000000 138.000000 388.000000 55.000000 1.000000 585.000000
10 2.000000 130.000000 342.000000 2486.000000 5.000000 2965.000000
10 2.000000 159.000000 391.000000 55.000000 2.000000 609.000000
10 5.000000 171.000000 665.000000 55.000000 1.000000 897.000000
10 3.000000 147.000000 402.000000 53.000000 1.000000 606.000000
10 2.000000 151.000000 418.000000 52.000000 2.000000 625.000000
10 2.000000 126.000000 326.000000 51.000000 1.000000 506.000000
10 3.000000 150.000000 376.000000 56.000000 1.000000 586.000000
10 2.000000 148.000000 390.000000 57.000000 1.000000 598.000000
10 2.000000 133.000000 407.000000 59.000000 2.000000 603.000000
10 2.000000 147.000000 363.000000 57.000000 1.000000 570.000000
10 2.000000 142.000000 352.000000 56.000000 1.000000 553.000000
10 3.000000 143.000000 395.000000 55.000000 1.000000 597.000000
10 3.000000 140.000000 383.000000 59.000000 1.000000 586.000000
10 2.000000 126.000000 496.000000 51.000000 1.000000 676.000000
10 3.000000 473.000000 573.000000 52.000000 1.000000 1102.000000
10 2.000000 136.000000 436.000000 62.000000 1.000000 637.000000
10 2.000000 157.000000 3334.000000 53.000000 2.000000 3548.000000
10 4.000000 150.000000 396.000000 55.000000 1.000000 606.000000
10 2.000000 151.000000 426.000000 54.000000 2.000000 635.000000
10 2.000000 149.000000 429.000000 57.000000 5.000000 642.000000
10 2.000000 150.000000 18932.000000 66.000000 1.000000 19151.000000
10 3.000000 145.000000 3791.000000 60.000000 1.000000 4000.000000
10 2.000000 135.000000 338.000000 53.000000 1.000000 529.000000
10 5.000000 183.000000 2401.000000 54.000000 1.000000 2644.000000
10 3.000000 148.000000 425.000000 55.000000 1.000000 632.000000
10 2.000000 146.000000 2117.000000 52.000000 1.000000 2318.000000
10 3.000000 184.000000 5000.000000 60.000000 2.000000 5249.000000
10 2.000000 134.000000 564.000000 56.000000 1.000000 757.000000
10 3.000000 166.000000 386.000000 53.000000 1.000000 609.000000
10 2.000000 135.000000 356.000000 56.000000 1.000000 550.000000
10 2.000000 146.000000 5434.000000 53.000000 1.000000 5636.000000
10 2.000000 158.000000 1558.000000 63.000000 1.000000 1782.000000
10 4.000000 141.000000 422.000000 56.000000 1.000000 624.000000
10 5.000000 172.000000 1854.000000 63.000000 1.000000 2095.000000
10 2.000000 144.000000 328.000000 60.000000 1.000000 535.000000
10 3.000000 123.000000 359.000000 51.000000 1.000000 537.000000
10 3.000000 184.000000 4007.000000 55.000000 2.000000 4251.000000
