6 3.000000 108.000000 1615.000000 35.000000 1.000000 1762.000000
6 2.000000 89.000000 293.000000 38.000000 1.000000 423.000000
6 2.000000 90.000000 299.000000 38.000000 1.000000 430.000000
6 2.000000 88.000000 314.000000 34.000000 1.000000 439.000000
6 3.000000 90.000000 325.000000 37.000000 1.000000 456.000000
6 2.000000 94.000000 310.000000 34.000000 1.000000 441.000000
6 3.000000 90.000000 357.000000 40.000000 1.000000 491.000000
6 4.000000 110.000000 345.000000 36.000000 1.000000 496.000000
6 3.000000 95.000000 330.000000 34.000000 1.000000 463.000000
6 2.000000 93.000000 280.000000 38.000000 1.000000 414.000000
6 4.000000 110.000000 3578.000000 40.000000 1.000000 3733.000000
6 2.000000 90.000000 300.000000 37.000000 1.000000 430.000000
6 3.000000 89.000000 300.000000 39.000000 1.000000 432.000000
6 2.000000 131.000000 15977.000000 39.000000 1.000000 16150.000000
6 2.000000 844.000000 725.000000 35.000000 1.000000 1607.000000
6 4.000000 102.000000 4291.000000 36.000000 1.000000 4434.000000
6 2.000000 88.000000 293.000000 35.000000 1.000000 419.000000
6 2.000000 94.000000 334.000000 36.000000 1.000000 467.000000
6 3.000000 90.000000 4101.000000 37.000000 1.000000 4232.000000
6 4.000000 92.000000 304.000000 35.000000 1.000000 436.000000
6 2.000000 97.000000 4515.000000 35.000000 1.000000 4650.000000
6 3.000000 93.000000 350.000000 41.000000 1.000000 488.000000
6 2.000000 104.000000 326.000000 37.000000 1.000000 470.000000
6 3.000000 100.000000 3808.000000 43.000000 2.000000 3956.000000
6 2.000000 93.000000 317.000000 35.000000 0.000000 447.000000
6 5.000000 107.000000 6936.000000 39.000000 2.000000 7089.000000
6 3.000000 94.000000 14142.000000 38.000000 2.000000 14279.000000
6 2.000000 91.000000 284.000000 36.000000 1.000000 414.000000
6 6.000000 157.000000 456.000000 52.000000 1.000000 672.000000
6 2.000000 84.000000 290.000000 36.000000 1.000000 413.000000
6 3.000000 92.000000 296.000000 35.000000 1.000000 427.000000
6 3.000000 86.000000 306.000000 36.000000 1.000000 432.000000
6 4.000000 91.000000 312.000000 37.000000 0.000000 444.000000
6 3.000000 94.000000 307.000000 36.000000 1.000000 441.000000
6 2.000000 90.000000 291.000000 36.000000 1.000000 420.000000
6 2.000000 96.000000 3216.000000 38.000000 1.000000 3353.000000
6 4.000000 120.000000 683.000000 35.000000 1.000000 843.000000
6 2.000000 1015.000000 3213.000000 35.000000 0.000000 4265.000000
6 3.000000 92.000000 3563.000000 35.000000 1.000000 3694.000000
6 3.000000 97.000000 7638.000000 43.000000 2.000000 7783.000000
6 3.000000 86.000000 302.000000 34.000000 1.000000 426.000000
6 4.000000 103.000000 6020.000000 36.000000 1.000000 6164.000000
6 3.000000 96.000000 7295.000000 35.000000 1.000000 7430.000000
6 2.000000 92.000000 885.000000 35.000000 1.000000 1015.000000
6 4.000000 100.000000 309.000000 34.000000 1.000000 448.000000
6 4.000000 114.000000 724.000000 38.000000 1.000000 881.000000
6 4.000000 126.000000 360.000000 38.000000 1.000000 529.000000
6 3.000000 113.000000 1406.000000 34.000000 0.000000 1556.000000
6 2.000000 96.000000 16402.000000 37.000000 1.000000 16538.000000
6 3.000000 103.000000 10777.000000 36.000000 2.000000 10921.000000
6 2.000000 2354.000000 336.000000 39.000000 1.000000 2732.000000
6 2.000000 98.000000 335.000000 36.000000 1.000000 472.000000
6 2.000000 86.000000 307.000000 36.000000 1.000000 432.000000
6 2.000000 83.000000 286.000000 37.000000 1.000000 409.000000
6 2.000000 90.000000 288.000000 38.000000 1.000000 419.000000
6 3.000000 130.000000 166.000000 35.000000 1.000000 335.000000
6 2.000000 86.000000 291.000000 35.000000 1.000000 415.000000
6 3.000000 96.000000 299.000000 38.000000 1.000000 437.000000
6 2.000000 87.000000 318.000000 40.000000 1.000000 448.000000
6 24.000000 85.000000 289.000000 37.000000 1.000000 436.000000
6 2.000000 81.000000 287.000000 35.000000 0.000000 405.000000
6 3.000000 98.000000 285.000000 37.000000 1.000000 424.000000
6 2.000000 87.000000 287.000000 37.000000 1.000000 414.000000
6 1.000000 142.000000 139.000000 33.000000 1.000000 316.000000
6 3.000000 103.000000 296.000000 38.000000 1.000000 441.000000
6 3.000000 94.000000 312.000000 33.000000 1.000000 443.000000
6 3.000000 92.000000 319.000000 39.000000 1.000000 454.000000
6 3.000000 82.000000 283.000000 35.000000 0.000000 403.000000
6 2.000000 79.000000 298.000000 34.000000 1.000000 414.000000
6 2.000000 85.000000 296.000000 38.000000 1.000000 422.000000
6 2.000000 103.000000 1251.000000 36.000000 1.000000 1393.000000
6 2.000000 87.000000 313.000000 36.000000 1.000000 439.000000
6 3.000000 139.000000 442.000000 35.000000 1.000000 620.000000
6 1.000000 243.000000 198.000000 38.000000 1.000000 481.000000
6 2.000000 87.000000 291.000000 40.000000 1.000000 421.000000
6 3.000000 89.000000 940.000000 39.000000 1.000000 1072.000000
6 2.000000 93.000000 298.000000 37.000000 1.000000 431.000000
6 2.000000 85.000000 398.000000 34.000000 0.000000 519.000000
6 3.000000 98.000000 316.000000 39.000000 1.000000 457.000000
6 3.000000 84.000000 661.000000 32.000000 1.000000 781.000000
6 4.000000 97.000000 338.000000 37.000000 1.000000 477.000000
6 3.000000 92.000000 304.000000 35.000000 1.000000 435.000000
6 2.000000 94.000000 299.000000 36.000000 1.000000 432.000000
6 2.000000 88.000000 330.000000 178.000000 1.000000 599.000000
6 2.000000 79.000000 276.000000 35.000000 1.000000 393.000000
6 3.000000 106.000000 345.000000 36.000000 1.000000 491.000000
6 3.000000 94.000000 309.000000 35.000000 1.000000 442.000000
6 3.000000 87.000000 2605.000000 47.000000 2.000000 2744.000000
6 2.000000 97.000000 226.000000 37.000000 1.000000 363.000000
6 3.000000 89.000000 308.000000 36.000000 1.000000 437.000000
6 2.000000 85.000000 300.000000 37.000000 1.000000 425.000000
6 3.000000 103.000000 330.000000 38.000000 1.000000 475.000000
6 2.000000 91.000000 264.000000 35.000000 1.000000 393.000000
6 3.000000 83.000000 4964.000000 42.000000 1.000000 5093.000000
6 3.000000 103.000000 332.000000 38.000000 1.000000 477.000000
6 3.000000 88.000000 284.000000 35.000000 0.000000 410.000000
6 3.000000 101.000000 370.000000 37.000000 1.000000 512.000000
6 3.000000 97.000000 321.000000 34.000000 1.000000 456.000000
6 2.000000 99.000000 320.000000 34.000000 1.000000 456.000000
6 5.000000 115.000000 22273.000000 46.000000 1.000000 22440.000000
