8 1.000000 154.000000 110917.000000 39671.000000 10.000000 150753.000000
8 2.000000 142.000000 72947.000000 41157.000000 9.000000 114257.000000
8 1.000000 169.000000 52077.000000 35224.000000 7.000000 87478.000000
8 2.000000 9471.000000 51876.000000 38983.000000 7.000000 100339.000000
8 1.000000 7017.000000 64368.000000 37475.000000 6.000000 108867.000000
8 2.000000 17109.000000 34744.000000 36566.000000 7.000000 88428.000000
8 2.000000 11262.000000 33980.000000 35695.000000 8.000000 80947.000000
8 2.000000 10067.000000 37340.000000 36944.000000 7.000000 84360.000000
8 2.000000 2136.000000 44395.000000 33972.000000 6.000000 80511.000000
8 2.000000 4727.000000 38315.000000 37436.000000 8.000000 80488.000000
8 2.000000 1543.000000 44931.000000 33201.000000 9.000000 79686.000000
8 2.000000 10115.000000 39160.000000 37076.000000 7.000000 86360.000000
8 2.000000 1588.000000 44839.000000 38006.000000 8.000000 84443.000000
8 2.000000 18955.000000 25970.000000 38512.000000 8.000000 83447.000000
8 2.000000 138.000000 41737.000000 33863.000000 8.000000 75748.000000
8 2.000000 2047.000000 43248.000000 37176.000000 7.000000 82480.000000
8 2.000000 4358.000000 44495.000000 36373.000000 7.000000 85235.000000
8 2.000000 663.000000 44513.000000 36760.000000 7.000000 81945.000000
8 2.000000 5388.000000 -960274.000000 35743.000000 8.000000 -919133.000000
8 2.000000 13662.000000 28531.000000 33782.000000 9.000000 75986.000000
8 2.000000 1682.000000 43247.000000 33912.000000 9.000000 78852.000000
8 2.000000 892.000000 -952611.000000 36381.000000 7.000000 -915329.000000
8 2.000000 28829.000000 19544.000000 36366.000000 7.000000 84748.000000
8 2.000000 1029.000000 44678.000000 39974.000000 8.000000 85691.000000
8 2.000000 9631.000000 33893.000000 33397.000000 7.000000 76930.000000
8 2.000000 2014.000000 44765.000000 36714.000000 8.000000 83503.000000
8 2.000000 10562.000000 32226.000000 34277.000000 8.000000 77075.000000
8 2.000000 4849.000000 41124.000000 37590.000000 8.000000 83573.000000
8 2.000000 3083.000000 53538.000000 38118.000000 7.000000 94748.000000
8 2.000000 778.000000 45115.000000 36851.000000 7.000000 82753.000000
8 1.000000 1521.000000 42954.000000 34166.000000 7.000000 78649.000000
8 2.000000 14274.000000 34587.000000 34502.000000 8.000000 83373.000000
8 2.000000 3796.000000 41421.000000 37219.000000 8.000000 82446.000000
8 2.000000 1869.000000 57298.000000 35361.000000 9.000000 94539.000000
8 2.000000 1923.000000 42549.000000 -964193.000000 8.000000 -919711.000000
8 2.000000 21075.000000 23550.000000 33080.000000 8.000000 77715.000000
8 2.000000 3214.000000 43085.000000 36769.000000 10.000000 83080.000000
8 2.000000 312.000000 46339.000000 34409.000000 7.000000 81069.000000
8 3.000000 9471.000000 36516.000000 40221.000000 8.000000 86219.000000
8 2.000000 2539.000000 43241.000000 34096.000000 10.000000 79888.000000
8 2.000000 1066.000000 43916.000000 36280.000000 7.000000 81271.000000
8 1.000000 1660.000000 46212.000000 37156.000000 8.000000 85037.000000
8 2.000000 1444.000000 44572.000000 39294.000000 8.000000 85320.000000
8 2.000000 20369.000000 24967.000000 36507.000000 8.000000 81853.000000
8 2.000000 2394.000000 44070.000000 40159.000000 8.000000 86633.000000
8 2.000000 611.000000 44800.000000 34255.000000 8.000000 79676.000000
8 2.000000 638.000000 41443.000000 36652.000000 6.000000 78741.000000
8 2.000000 9542.000000 36517.000000 -960085.000000 8.000000 -914016.000000
8 2.000000 1226.000000 47282.000000 36535.000000 7.000000 85052.000000
8 2.000000 11854.000000 34330.000000 37489.000000 7.000000 83682.000000
8 1.000000 308.000000 67175.000000 38831.000000 7.000000 106322.000000
8 2.000000 10598.000000 51556.000000 36594.000000 7.000000 98757.000000
8 2.000000 8729.000000 53635.000000 36426.000000 8.000000 98800.000000
8 2.000000 9887.000000 79645.000000 37797.000000 9.000000 127340.000000
8 1.000000 8974.000000 49981.000000 39686.000000 9.000000 98651.000000
8 1.000000 496.000000 63059.000000 38988.000000 9.000000 102553.000000
8 2.000000 1105.000000 -947898.000000 37346.000000 7.000000 -909438.000000
8 2.000000 11087.000000 37491.000000 40513.000000 7.000000 89100.000000
8 2.000000 1053.000000 48671.000000 35001.000000 10.000000 84737.000000
8 2.000000 1445.000000 43915.000000 35953.000000 8.000000 81323.000000
8 2.000000 1747.000000 49074.000000 39498.000000 9.000000 90330.000000
8 1.000000 1333.000000 45692.000000 34841.000000 8.000000 81875.000000
8 2.000000 15415.000000 29831.000000 -963133.000000 8.000000 -917877.000000
8 2.000000 1074.000000 43625.000000 36872.000000 7.000000 81580.000000
8 2.000000 3361.000000 47947.000000 39930.000000 8.000000 91248.000000
8 3.000000 5834.000000 37456.000000 32621.000000 7.000000 75921.000000
8 2.000000 18371.000000 27865.000000 40964.000000 8.000000 87210.000000
8 2.000000 1726.000000 43516.000000 34929.000000 7.000000 80180.000000
8 2.000000 15703.000000 30595.000000 38533.000000 8.000000 84841.000000
8 2.000000 1940.000000 43496.000000 33975.000000 8.000000 79421.000000
8 3.000000 18476.000000 23961.000000 33759.000000 8.000000 76207.000000
8 2.000000 1164.000000 43504.000000 39669.000000 7.000000 84346.000000
8 1.000000 788.000000 44371.000000 36099.000000 7.000000 81266.000000
8 2.000000 281.000000 55257.000000 36742.000000 9.000000 92291.000000
8 2.000000 2386.000000 42758.000000 34674.000000 9.000000 79829.000000
8 2.000000 13832.000000 -967489.000000 37774.000000 8.000000 -915873.000000
8 2.000000 1624.000000 45215.000000 36907.000000 11.000000 83759.000000
8 2.000000 1342.000000 41082.000000 34700.000000 9.000000 77135.000000
8 2.000000 502.000000 61777.000000 37843.000000 11.000000 100135.000000
8 3.000000 641.000000 43892.000000 34738.000000 9.000000 79283.000000
8 2.000000 11786.000000 36162.000000 36263.000000 8.000000 84221.000000
8 3.000000 2162.000000 45699.000000 41562.000000 8.000000 89434.000000
8 3.000000 819.000000 45303.000000 41342.000000 7.000000 87474.000000
8 2.000000 10775.000000 33689.000000 33794.000000 9.000000 78269.000000
8 2.000000 562.000000 47715.000000 39614.000000 8.000000 87901.000000
8 2.000000 530.000000 45811.000000 35780.000000 11.000000 82134.000000
8 2.000000 1959.000000 56545.000000 35689.000000 8.000000 94203.000000
8 2.000000 594.000000 44491.000000 45229.000000 7.000000 90323.000000
8 2.000000 9363.000000 33412.000000 35556.000000 9.000000 78342.000000
8 2.000000 1442.000000 49822.000000 42741.000000 8.000000 94015.000000
8 2.000000 1017.000000 45912.000000 37224.000000 10.000000 84165.000000
8 2.000000 1283.000000 43424.000000 35483.000000 7.000000 80199.000000
8 1.000000 2837.000000 46993.000000 -963101.000000 8.000000 -913262.000000
8 2.000000 1288.000000 43604.000000 35786.000000 8.000000 80688.000000
8 2.000000 18987.000000 27433.000000 35292.000000 8.000000 81722.000000
8 2.000000 5250.000000 37931.000000 -965404.000000 8.000000 -922213.000000
8 2.000000 10823.000000 33049.000000 41631.000000 8.000000 85513.000000
8 2.000000 1651.000000 43374.000000 35664.000000 9.000000 80700.000000
8 2.000000 910.000000 42508.000000 32916.000000 7.000000 76343.000000
8 2.000000 524.000000 43389.000000 35304.000000 7.000000 79226.000000
