10 1.000000 731.000000 8837.000000 4887.000000 5.000000 14461.000000
10 2.000000 158.000000 8344.000000 5327.000000 4.000000 13835.000000
10 1.000000 163.000000 11034.000000 5284.000000 3.000000 16485.000000
10 2.000000 183.000000 13249.000000 4967.000000 4.000000 18405.000000
10 1.000000 181.000000 12454.000000 4982.000000 4.000000 17622.000000
10 2.000000 2087.000000 8172.000000 5272.000000 3.000000 15536.000000
10 1.000000 159.000000 9318.000000 5227.000000 4.000000 14709.000000
10 1.000000 3455.000000 7296.000000 5606.000000 3.000000 16361.000000
10 2.000000 185.000000 13057.000000 5027.000000 4.000000 18275.000000
10 2.000000 169.000000 9541.000000 4573.000000 3.000000 14288.000000
10 1.000000 2327.000000 5340.000000 5158.000000 4.000000 12830.000000
10 2.000000 4880.000000 5268.000000 4175.000000 3.000000 14328.000000
10 3.000000 208.000000 13046.000000 5010.000000 5.000000 18272.000000
10 2.000000 2426.000000 7602.000000 4648.000000 5.000000 14683.000000
10 3.000000 2680.000000 7366.000000 4271.000000 3.000000 14323.000000
10 2.000000 4556.000000 5665.000000 4930.000000 5.000000 15158.000000
10 3.000000 186.000000 13060.000000 5113.000000 4.000000 18366.000000
10 2.000000 209.000000 8608.000000 4996.000000 4.000000 13819.000000
10 2.000000 204.000000 10816.000000 4588.000000 5.000000 15615.000000
10 2.000000 1879.000000 7620.000000 5025.000000 5.000000 14531.000000
10 3.000000 218.000000 7561.000000 4144.000000 3.000000 11929.000000
10 3.000000 548.000000 7100.000000 8689.000000 5.000000 16345.000000
10 2.000000 3520.000000 5362.000000 4189.000000 4.000000 13077.000000
10 3.000000 229.000000 7651.000000 5361.000000 5.000000 13249.000000
10 2.000000 3775.000000 4930.000000 4119.000000 3.000000 12829.000000
10 2.000000 194.000000 12316.000000 5381.000000 9.000000 17902.000000
10 2.000000 188.000000 12058.000000 5247.000000 4.000000 17499.000000
10 2.000000 178.000000 19049.000000 5080.000000 4.000000 24313.000000
10 3.000000 8723.000000 9798.000000 6819.000000 5.000000 25348.000000
10 2.000000 327.000000 6151.000000 4566.000000 4.000000 11050.000000
10 2.000000 207.000000 11594.000000 4868.000000 5.000000 16676.000000
10 1.000000 5903.000000 27353.000000 5182.000000 4.000000 38443.000000
10 1.000000 5003.000000 4126.000000 4997.000000 4.000000 14131.000000
10 2.000000 2184.000000 6778.000000 4249.000000 4.000000 13217.000000
10 4.000000 4735.000000 4929.000000 5589.000000 5.000000 15262.000000
10 2.000000 199.000000 14536.000000 5407.000000 3.000000 20147.000000
10 3.000000 5887.000000 18143.000000 4817.000000 4.000000 28854.000000
10 2.000000 210.000000 16812.000000 4876.000000 4.000000 21904.000000
10 2.000000 5581.000000 3064.000000 5144.000000 4.000000 13795.000000
10 2.000000 2505.000000 6077.000000 4554.000000 6.000000 13144.000000
10 3.000000 206.000000 9811.000000 5265.000000 6.000000 15291.000000
10 1.000000 2991.000000 4571.000000 4698.000000 4.000000 12265.000000
10 2.000000 2228.000000 5455.000000 5351.000000 5.000000 13041.000000
10 1.000000 2547.000000 6197.000000 5111.000000 5.000000 13861.000000
10 3.000000 200.000000 16192.000000 4886.000000 4.000000 21285.000000
10 2.000000 541.000000 10573.000000 5173.000000 4.000000 16293.000000
10 3.000000 2356.000000 4448.000000 5528.000000 4.000000 12339.000000
10 2.000000 1370.000000 12135.000000 9754.000000 4.000000 23265.000000
10 2.000000 968.000000 6877.000000 5385.000000 5.000000 13237.000000
10 3.000000 204.000000 7411.000000 4458.000000 5.000000 12081.000000
10 1.000000 2826.000000 12731.000000 4940.000000 5.000000 20503.000000
10 2.000000 167.000000 10155.000000 4660.000000 4.000000 14988.000000
10 2.000000 153.000000 10219.000000 5122.000000 5.000000 15501.000000
10 2.000000 2404.000000 6658.000000 5435.000000 4.000000 14503.000000
10 2.000000 167.000000 13711.000000 4869.000000 7.000000 18756.000000
10 2.000000 173.000000 9073.000000 5076.000000 4.000000 14328.000000
10 6.000000 10875.000000 2354.000000 4882.000000 4.000000 18121.000000
10 1.000000 11646.000000 5765.000000 4438.000000 2.000000 21852.000000
10 2.000000 3300.000000 7114.000000 4852.000000 3.000000 15271.000000
10 1.000000 151.000000 10099.000000 9658.000000 4.000000 19913.000000
10 2.000000 195.000000 15387.000000 6770.000000 4.000000 22358.000000
10 3.000000 517.000000 7382.000000 4674.000000 4.000000 12580.000000
10 3.000000 221.000000 11497.000000 4854.000000 4.000000 16579.000000
10 2.000000 3145.000000 3883.000000 4759.000000 2.000000 11791.000000
10 2.000000 2736.000000 5973.000000 4955.000000 5.000000 13671.000000
10 2.000000 176.000000 15014.000000 5196.000000 4.000000 20392.000000
10 2.000000 188.000000 8727.000000 4455.000000 2.000000 13374.000000
10 2.000000 2699.000000 7397.000000 5706.000000 3.000000 15807.000000
10 2.000000 922.000000 4794.000000 6325.000000 5.000000 12048.000000
10 2.000000 922.000000 6579.000000 4802.000000 6.000000 12311.000000
10 2.000000 177.000000 14803.000000 5290.000000 4.000000 20276.000000
10 2.000000 212.000000 4962.000000 4857.000000 5.000000 10038.000000
10 2.000000 1557.000000 6470.000000 4586.000000 4.000000 12619.000000
10 2.000000 2197.000000 4362.000000 4501.000000 130.000000 11192.000000
10 2.000000 180.000000 6904.000000 5032.000000 3.000000 12121.000000
10 2.000000 3305.000000 5414.000000 4195.000000 4.000000 12920.000000
10 2.000000 176.000000 15146.000000 5240.000000 5.000000 20569.000000
10 3.000000 8829.000000 6305.000000 4942.000000 5.000000 20084.000000
10 2.000000 4177.000000 3495.000000 4992.000000 4.000000 12670.000000
10 3.000000 195.000000 6875.000000 4998.000000 4.000000 12075.000000
10 2.000000 3782.000000 4847.000000 4240.000000 4.000000 12875.000000
10 3.000000 184.000000 7559.000000 18683.000000 5.000000 26434.000000
10 2.000000 2299.000000 5064.000000 4219.000000 2.000000 11586.000000
10 2.000000 212.000000 8686.000000 4718.000000 5.000000 13623.000000
10 2.000000 196.000000 7870.000000 4137.000000 2.000000 12207.000000
10 3.000000 11887.000000 4643.000000 4850.000000 4.000000 21387.000000
10 3.000000 196.000000 19051.000000 5300.000000 4.000000 24554.000000
10 2.000000 4813.000000 6025.000000 4858.000000 5.000000 15703.000000
10 3.000000 4447.000000 4771.000000 4214.000000 3.000000 13438.000000
10 3.000000 4764.000000 3530.000000 4789.000000 5.000000 13091.000000
10 3.000000 606.000000 8271.000000 4244.000000 5.000000 13129.000000
10 2.000000 5206.000000 3153.000000 4475.000000 4.000000 12840.000000
10 2.000000 5736.000000 7382.000000 5029.000000 5.000000 18154.000000
10 3.000000 5823.000000 4178.000000 4344.000000 4.000000 14352.000000
10 2.000000 1776.000000 5573.000000 4675.000000 5.000000 12031.000000
10 2.000000 5694.000000 4608.000000 4947.000000 5.000000 15256.000000
10 1.000000 567.000000 6261.000000 4768.000000 4.000000 11601.000000
10 2.000000 201.000000 12518.000000 4913.000000 4.000000 17638.000000
10 2.000000 2196.000000 4630.000000 4122.000000 3.000000 10953.000000
10 1.000000 2484.000000 5260.000000 4466.000000 4.000000 12215.000000
