5 3.000000 83.000000 2047.000000 31.000000 1.000000 2165.000000
5 2.000000 78.000000 561.000000 31.000000 0.000000 672.000000
5 2.000000 71.000000 275.000000 33.000000 1.000000 382.000000
5 2.000000 84.000000 300.000000 35.000000 1.000000 422.000000
5 3.000000 79.000000 278.000000 27.000000 1.000000 388.000000
5 4.000000 90.000000 595.000000 28.000000 1.000000 718.000000
5 2.000000 77.000000 279.000000 28.000000 1.000000 387.000000
5 2.000000 77.000000 392.000000 32.000000 1.000000 504.000000
5 5.000000 90.000000 825.000000 31.000000 1.000000 952.000000
5 4.000000 93.000000 3849.000000 32.000000 1.000000 3979.000000
5 3.000000 91.000000 1391.000000 36.000000 1.000000 1522.000000
5 2.000000 79.000000 286.000000 33.000000 1.000000 401.000000
5 2.000000 70.000000 259.000000 30.000000 1.000000 362.000000
5 1.000000 72.000000 306.000000 32.000000 0.000000 411.000000
5 2.000000 78.000000 287.000000 32.000000 1.000000 400.000000
5 4.000000 95.000000 5330.000000 30.000000 1.000000 5460.000000
5 3.000000 75.000000 283.000000 31.000000 1.000000 393.000000
5 3.000000 79.000000 3793.000000 33.000000 1.000000 3909.000000
5 3.000000 85.000000 9653.000000 33.000000 2.000000 9776.000000
5 2.000000 92.000000 324.000000 32.000000 0.000000 450.000000
5 2.000000 77.000000 9273.000000 32.000000 1.000000 9385.000000
5 4.000000 83.000000 2678.000000 31.000000 1.000000 2797.000000
5 2.000000 74.000000 330.000000 35.000000 1.000000 442.000000
5 2.000000 91.000000 1483.000000 37.000000 2.000000 1615.000000
5 2.000000 80.000000 3638.000000 32.000000 1.000000 3753.000000
5 4.000000 98.000000 3206.000000 34.000000 1.000000 3343.000000
5 2.000000 93.000000 5366.000000 38.000000 1.000000 5500.000000
5 2.000000 113.000000 323.000000 33.000000 1.000000 472.000000
5 3.000000 76.000000 285.000000 32.000000 0.000000 396.000000
5 2.000000 77.000000 307.000000 34.000000 1.000000 421.000000
5 2.000000 69.000000 262.000000 29.000000 1.000000 363.000000
5 2.000000 67.000000 274.000000 29.000000 1.000000 373.000000
5 4.000000 80.000000 294.000000 29.000000 1.000000 408.000000
5 2.000000 884.000000 680.000000 29.000000 1.000000 1596.000000
5 3.000000 88.000000 310.000000 34.000000 1.000000 436.000000
5 2.000000 93.000000 300.000000 29.000000 0.000000 424.000000
5 4.000000 90.000000 3172.000000 30.000000 1.000000 3297.000000
5 2.000000 82.000000 2359.000000 33.000000 0.000000 2476.000000
5 4.000000 93.000000 7986.000000 30.000000 1.000000 8114.000000
5 2.000000 82.000000 1041.000000 31.000000 1.000000 1157.000000
5 2.000000 72.000000 287.000000 29.000000 1.000000 391.000000
5 2.000000 94.000000 2104.000000 35.000000 0.000000 2235.000000
5 4.000000 104.000000 2112.000000 27.000000 0.000000 2247.000000
5 3.000000 82.000000 1842.000000 35.000000 1.000000 1963.000000
5 4.000000 83.000000 292.000000 28.000000 1.000000 408.000000
5 3.000000 91.000000 1178.000000 33.000000 1.000000 1306.000000
5 3.000000 86.000000 8517.000000 31.000000 5.000000 8642.000000
5 2.000000 82.000000 8848.000000 29.000000 1.000000 8962.000000
5 3.000000 94.000000 274.000000 29.000000 1.000000 401.000000
5 3.000000 88.000000 1339.000000 30.000000 1.000000 1461.000000
5 2.000000 76.000000 282.000000 30.000000 1.000000 391.000000
5 2.000000 74.000000 263.000000 28.000000 1.000000 368.000000
5 2.000000 74.000000 564.000000 32.000000 1.000000 673.000000
5 3.000000 81.000000 289.000000 31.000000 1.000000 405.000000
5 3.000000 96.000000 283.000000 26.000000 1.000000 409.000000
5 3.000000 104.000000 154.000000 29.000000 0.000000 290.000000
5 3.000000 80.000000 288.000000 32.000000 1.000000 404.000000
5 2.000000 81.000000 277.000000 28.000000 1.000000 389.000000
5 2.000000 69.000000 264.000000 29.000000 1.000000 365.000000
5 2.000000 73.000000 279.000000 34.000000 1.000000 389.000000
5 2.000000 77.000000 286.000000 32.000000 1.000000 398.000000
5 3.000000 69.000000 267.000000 31.000000 0.000000 370.000000
5 3.000000 81.000000 192.000000 30.000000 1.000000 307.000000
5 2.000000 66.000000 217.000000 28.000000 0.000000 313.000000
5 4.000000 79.000000 274.000000 32.000000 1.000000 390.000000
5 2.000000 72.000000 543.000000 33.000000 1.000000 651.000000
5 2.000000 1038.000000 185.000000 29.000000 1.000000 1255.000000
5 3.000000 89.000000 301.000000 34.000000 1.000000 428.000000
5 2.000000 83.000000 262.000000 30.000000 1.000000 378.000000
5 3.000000 70.000000 271.000000 33.000000 0.000000 377.000000
5 2.000000 76.000000 302.000000 32.000000 1.000000 413.000000
5 3.000000 78.000000 288.000000 30.000000 1.000000 400.000000
5 2.000000 98.000000 3408.000000 34.000000 1.000000 3543.000000
5 2.000000 70.000000 256.000000 29.000000 1.000000 358.000000
5 2.000000 77.000000 273.000000 29.000000 1.000000 382.000000
5 3.000000 74.000000 260.000000 27.000000 0.000000 364.000000
5 2.000000 75.000000 281.000000 31.000000 1.000000 390.000000
5 2.000000 81.000000 313.000000 28.000000 1.000000 425.000000
5 3.000000 81.000000 422.000000 34.000000 1.000000 541.000000
5 2.000000 74.000000 262.000000 28.000000 1.000000 367.000000
5 2.000000 75.000000 265.000000 29.000000 1.000000 372.000000
5 3.000000 71.000000 259.000000 28.000000 1.000000 362.000000
5 3.000000 380.000000 499.000000 29.000000 1.000000 912.000000
5 2.000000 77.000000 305.000000 32.000000 0.000000 416.000000
5 2.000000 70.000000 259.000000 28.000000 1.000000 360.000000
5 3.000000 92.000000 351.000000 31.000000 1.000000 478.000000
5 4.000000 103.000000 333.000000 32.000000 1.000000 473.000000
5 3.000000 79.000000 302.000000 31.000000 1.000000 416.000000
5 3.000000 80.000000 1562.000000 31.000000 1.000000 1677.000000
5 2.000000 71.000000 280.000000 33.000000 0.000000 386.000000
5 2.000000 75.000000 314.000000 33.000000 1.000000 425.000000
5 3.000000 119.000000 404.000000 37.000000 1.000000 564.000000
5 2.000000 93.000000 308.000000 30.000000 1.000000 434.000000
5 4.000000 119.000000 359.000000 29.000000 1.000000 512.000000
5 3.000000 90.000000 339.000000 32.000000 1.000000 465.000000
5 3.000000 75.000000 273.000000 30.000000 1.000000 382.000000
5 4.000000 88.000000 3785.000000 37.000000 1.000000 3915.000000
5 4.000000 97.000000 324.000000 33.000000 1.000000 459.000000
5 3.000000 87.000000 294.000000 29.000000 1.000000 414.000000
5 3.000000 85.000000 302.000000 29.000000 1.000000 420.000000
