3 1.000000 72.000000 78657.000000 19040.000000 9.000000 97779.000000
3 1.000000 94.000000 98111.000000 16358.000000 8.000000 114572.000000
3 1.000000 114.000000 64848.000000 18547.000000 10.000000 83520.000000
3 1.000000 104.000000 -916550.000000 17219.000000 7.000000 -899219.000000
3 1.000000 127.000000 89390.000000 17992.000000 7.000000 107517.000000
3 2.000000 120.000000 69914.000000 17128.000000 9.000000 87173.000000
3 1.000000 124.000000 84919.000000 14750.000000 6.000000 99800.000000
3 2.000000 78.000000 61568.000000 14603.000000 9.000000 76260.000000
3 2.000000 110.000000 62049.000000 14950.000000 8.000000 77119.000000
3 2.000000 98.000000 86255.000000 16488.000000 9.000000 102852.000000
3 1.000000 107.000000 63574.000000 18072.000000 8.000000 81762.000000
3 2.000000 97.000000 58337.000000 22351.000000 11.000000 80798.000000
3 3.000000 338.000000 67444.000000 19012.000000 10.000000 86807.000000
3 2.000000 87.000000 76224.000000 15087.000000 9.000000 91409.000000
3 2.000000 85.000000 67299.000000 14779.000000 8.000000 82173.000000
3 2.000000 191.000000 86389.000000 15892.000000 6.000000 102480.000000
3 3.000000 115.000000 71625.000000 17410.000000 10.000000 89163.000000
3 2.000000 227.000000 61827.000000 15116.000000 8.000000 77180.000000
3 2.000000 140.000000 -936084.000000 19707.000000 8.000000 -916227.000000
3 2.000000 77.000000 65200.000000 15389.000000 8.000000 80676.000000
3 2.000000 149.000000 65757.000000 18079.000000 7.000000 83994.000000
3 2.000000 86.000000 69443.000000 16214.000000 9.000000 85754.000000
3 3.000000 457.000000 57144.000000 14913.000000 7.000000 72524.000000
3 2.000000 156.000000 57756.000000 21761.000000 9.000000 79684.000000
3 2.000000 165.000000 61282.000000 18756.000000 8.000000 80213.000000
3 2.000000 94.000000 60207.000000 15737.000000 8.000000 76048.000000
3 2.000000 126.000000 56512.000000 19299.000000 11.000000 75950.000000
3 2.000000 200.000000 75500.000000 16922.000000 7.000000 92631.000000
3 1.000000 120.000000 56233.000000 15950.000000 9.000000 72313.000000
3 2.000000 91.000000 59053.000000 19089.000000 7.000000 78242.000000
3 2.000000 167.000000 55974.000000 13624.000000 10.000000 69777.000000
3 2.000000 85.000000 58323.000000 16132.000000 6.000000 74548.000000
3 2.000000 184.000000 59797.000000 21619.000000 7.000000 81609.000000
3 2.000000 79.000000 59649.000000 13770.000000 7.000000 73507.000000
3 2.000000 164.000000 85594.000000 19185.000000 8.000000 104953.000000
3 2.000000 158.000000 59444.000000 -983400.000000 7.000000 -923789.000000
3 1.000000 82.000000 59359.000000 -985914.000000 8.000000 -926464.000000
3 3.000000 561.000000 56908.000000 14883.000000 8.000000 72363.000000
3 2.000000 166.000000 68773.000000 18434.000000 6.000000 87381.000000
3 2.000000 81.000000 71588.000000 18401.000000 8.000000 90080.000000
3 2.000000 171.000000 56697.000000 14680.000000 8.000000 71558.000000
3 2.000000 101.000000 55832.000000 14675.000000 6.000000 70616.000000
3 3.000000 136.000000 59653.000000 14647.000000 7.000000 74446.000000
3 1.000000 80.000000 61087.000000 16844.000000 7.000000 78019.000000
3 2.000000 76.000000 58511.000000 14335.000000 12.000000 72936.000000
3 1.000000 79.000000 64420.000000 15023.000000 8.000000 79531.000000
3 2.000000 517.000000 68065.000000 18711.000000 6.000000 87301.000000
3 2.000000 156.000000 -921577.000000 17882.000000 7.000000 -903530.000000
3 2.000000 190.000000 -942459.000000 14930.000000 10.000000 -927327.000000
3 3.000000 156.000000 56614.000000 15675.000000 7.000000 72455.000000
3 1.000000 62.000000 73951.000000 18168.000000 8.000000 92190.000000
3 2.000000 757.000000 90758.000000 18597.000000 6.000000 110120.000000
3 3.000000 88.000000 81740.000000 17598.000000 5.000000 99434.000000
3 1.000000 126.000000 -919009.000000 16590.000000 9.000000 -902283.000000
3 2.000000 156.000000 73593.000000 18152.000000 6.000000 91909.000000
3 2.000000 121.000000 90274.000000 16374.000000 9.000000 106780.000000
3 2.000000 156.000000 -943220.000000 20216.000000 11.000000 -922835.000000
3 2.000000 150.000000 -915807.000000 15363.000000 12.000000 -900280.000000
3 2.000000 153.000000 55493.000000 14714.000000 7.000000 70369.000000
3 2.000000 113.000000 56825.000000 19677.000000 7.000000 76624.000000
3 2.000000 156.000000 56718.000000 16005.000000 8.000000 72889.000000
3 2.000000 91.000000 58017.000000 14940.000000 10.000000 73060.000000
3 1.000000 76.000000 58824.000000 15590.000000 7.000000 74498.000000
3 3.000000 99.000000 58288.000000 17675.000000 8.000000 76073.000000
3 2.000000 80.000000 68003.000000 15874.000000 8.000000 83967.000000
3 2.000000 146.000000 61247.000000 14377.000000 8.000000 75780.000000
3 2.000000 104.000000 63678.000000 17451.000000 8.000000 81243.000000
3 2.000000 156.000000 56121.000000 20622.000000 7.000000 76908.000000
3 3.000000 80.000000 58383.000000 19912.000000 8.000000 78386.000000
3 2.000000 85.000000 60464.000000 14128.000000 9.000000 74688.000000
3 2.000000 177.000000 57681.000000 19150.000000 9.000000 77019.000000
3 2.000000 112.000000 57941.000000 16106.000000 9.000000 74170.000000
3 2.000000 160.000000 57825.000000 18605.000000 8.000000 76600.000000
3 2.000000 79.000000 56470.000000 15927.000000 8.000000 72486.000000
3 2.000000 149.000000 78660.000000 15470.000000 9.000000 94290.000000
3 2.000000 76.000000 56033.000000 17475.000000 9.000000 73595.000000
3 3.000000 153.000000 73504.000000 16046.000000 8.000000 89714.000000
3 3.000000 195.000000 68835.000000 15627.000000 8.000000 84668.000000
3 1.000000 87.000000 62687.000000 19573.000000 7.000000 82355.000000
3 2.000000 86.000000 57905.000000 17543.000000 8.000000 75544.000000
3 2.000000 113.000000 58703.000000 13929.000000 7.000000 72754.000000
3 2.000000 88.000000 59934.000000 13717.000000 7.000000 73748.000000
3 1.000000 85.000000 53952.000000 20530.000000 6.000000 74574.000000
3 2.000000 84.000000 53980.000000 20171.000000 6.000000 74243.000000
3 2.000000 79.000000 54248.000000 20405.000000 6.000000 74740.000000
3 2.000000 79.000000 53950.000000 19877.000000 7.000000 73915.000000
3 2.000000 86.000000 53977.000000 21917.000000 6.000000 75988.000000
3 1.000000 78.000000 72902.000000 23435.000000 7.000000 96423.000000
3 2.000000 79.000000 53761.000000 20185.000000 7.000000 74034.000000
3 2.000000 82.000000 53796.000000 20127.000000 6.000000 74013.000000
3 1.000000 79.000000 -946143.000000 20972.000000 6.000000 -925085.000000
3 2.000000 82.000000 58818.000000 20256.000000 8.000000 79166.000000
3 2.000000 80.000000 62135.000000 20003.000000 6.000000 82226.000000
3 2.000000 80.000000 -942826.000000 18184.000000 6.000000 -924554.000000
3 2.000000 83.000000 53866.000000 13285.000000 7.000000 67243.000000
3 2.000000 83.000000 56207.000000 16495.000000 7.000000 72794.000000
3 2.000000 81.000000 53664.000000 19930.000000 6.000000 73683.000000
3 2.000000 84.000000 55138.000000 23475.000000 7.000000 78706.000000
3 2.000000 79.000000 58392.000000 18898.000000 7.000000 77378.000000
3 1.000000 87.000000 75689.000000 15596.000000 6.000000 91379.000000
