1 1.000000 33.000000 16552.000000 83.000000 2.000000 16671.000000
1 1.000000 55.000000 16971.000000 127.000000 3.000000 17157.000000
1 1.000000 49.000000 18355.000000 131.000000 2.000000 18538.000000
1 1.000000 47.000000 15941.000000 148.000000 3.000000 16140.000000
1 2.000000 33.000000 16948.000000 77.000000 3.000000 17063.000000
1 2.000000 49.000000 19128.000000 131.000000 2.000000 19312.000000
1 1.000000 58.000000 21745.000000 133.000000 2.000000 21939.000000
1 1.000000 38.000000 12924.000000 122.000000 4.000000 13089.000000
1 2.000000 67.000000 16175.000000 133.000000 4.000000 16381.000000
1 1.000000 29.000000 14660.000000 111.000000 2.000000 14803.000000
1 2.000000 66.000000 18963.000000 142.000000 3.000000 19176.000000
1 2.000000 44.000000 16321.000000 98.000000 3.000000 16468.000000
1 1.000000 58.000000 11310.000000 76.000000 3.000000 11448.000000
1 2.000000 63.000000 15768.000000 116.000000 3.000000 15952.000000
1 2.000000 60.000000 13604.000000 134.000000 3.000000 13803.000000
1 2.000000 71.000000 15568.000000 84.000000 4.000000 15729.000000
1 2.000000 62.000000 22355.000000 130.000000 4.000000 22553.000000
1 3.000000 78.000000 27173.000000 83.000000 4.000000 27341.000000
1 2.000000 68.000000 16491.000000 85.000000 4.000000 16650.000000
1 2.000000 65.000000 15136.000000 88.000000 4.000000 15295.000000
1 2.000000 65.000000 15431.000000 74.000000 3.000000 15575.000000
1 2.000000 55.000000 12584.000000 71.000000 3.000000 12715.000000
1 1.000000 77.000000 18337.000000 91.000000 4.000000 18510.000000
1 2.000000 65.000000 14806.000000 81.000000 4.000000 14958.000000
1 2.000000 56.000000 11788.000000 72.000000 3.000000 11921.000000
1 1.000000 62.000000 13937.000000 132.000000 3.000000 14135.000000
1 2.000000 60.000000 11770.000000 71.000000 3.000000 11906.000000
1 3.000000 69.000000 20621.000000 88.000000 4.000000 20785.000000
1 2.000000 60.000000 22972.000000 142.000000 3.000000 23179.000000
1 2.000000 67.000000 15409.000000 120.000000 5.000000 15603.000000
1 2.000000 55.000000 12595.000000 75.000000 3.000000 12730.000000
1 2.000000 77.000000 18012.000000 133.000000 3.000000 18227.000000
1 3.000000 68.000000 17462.000000 102.000000 5.000000 17640.000000
1 2.000000 62.000000 15185.000000 69.000000 4.000000 15322.000000
1 1.000000 63.000000 16962.000000 76.000000 3.000000 17105.000000
1 2.000000 67.000000 14835.000000 68.000000 4.000000 14976.000000
1 2.000000 57.000000 12041.000000 69.000000 3.000000 12172.000000
1 1.000000 63.000000 21425.000000 111.000000 4.000000 21604.000000
1 2.000000 75.000000 56809.000000 77.000000 4.000000 56967.000000
1 2.000000 61.000000 13127.000000 144.000000 4.000000 13338.000000
1 3.000000 62.000000 15480.000000 133.000000 2.000000 15680.000000
1 2.000000 65.000000 15903.000000 83.000000 4.000000 16057.000000
1 3.000000 66.000000 16302.000000 76.000000 4.000000 16451.000000
1 2.000000 67.000000 12148.000000 82.000000 3.000000 12302.000000
1 1.000000 51.000000 15028.000000 80.000000 3.000000 15163.000000
1 2.000000 66.000000 13432.000000 87.000000 3.000000 13590.000000
1 2.000000 59.000000 15993.000000 135.000000 3.000000 16192.000000
1 2.000000 57.000000 13169.000000 87.000000 4.000000 13319.000000
1 2.000000 51.000000 11668.000000 101.000000 3.000000 11825.000000
1 2.000000 53.000000 14767.000000 74.000000 3.000000 14899.000000
1 1.000000 41.000000 31039.000000 83.000000 4.000000 31168.000000
1 2.000000 40.000000 14259.000000 126.000000 2.000000 14429.000000
1 2.000000 53.000000 16860.000000 75.000000 3.000000 16993.000000
1 1.000000 66.000000 16277.000000 146.000000 4.000000 16494.000000
1 1.000000 50.000000 27717.000000 146.000000 4.000000 27918.000000
1 2.000000 37.000000 18513.000000 92.000000 3.000000 18647.000000
1 2.000000 63.000000 20046.000000 74.000000 3.000000 20188.000000
1 2.000000 57.000000 25440.000000 89.000000 4.000000 25592.000000
1 1.000000 49.000000 14822.000000 138.000000 2.000000 15012.000000
1 2.000000 72.000000 15463.000000 92.000000 2.000000 15631.000000
1 2.000000 62.000000 14327.000000 80.000000 3.000000 14474.000000
1 1.000000 55.000000 12088.000000 90.000000 4.000000 12238.000000
1 2.000000 66.000000 18101.000000 77.000000 4.000000 18250.000000
1 2.000000 63.000000 13199.000000 78.000000 3.000000 13345.000000
1 2.000000 65.000000 15272.000000 69.000000 3.000000 15411.000000
1 2.000000 64.000000 15268.000000 132.000000 4.000000 15470.000000
1 2.000000 65.000000 15277.000000 68.000000 4.000000 15416.000000
1 2.000000 58.000000 11725.000000 78.000000 3.000000 11866.000000
1 1.000000 56.000000 12378.000000 71.000000 3.000000 12509.000000
1 2.000000 72.000000 18296.000000 132.000000 8.000000 18510.000000
1 2.000000 61.000000 21379.000000 146.000000 3.000000 21591.000000
1 2.000000 65.000000 13387.000000 123.000000 4.000000 13581.000000
1 1.000000 53.000000 13349.000000 96.000000 4.000000 13503.000000
1 3.000000 55.000000 13748.000000 132.000000 3.000000 13941.000000
1 2.000000 54.000000 25551.000000 80.000000 4.000000 25691.000000
1 2.000000 63.000000 14776.000000 68.000000 4.000000 14913.000000
1 1.000000 52.000000 14627.000000 119.000000 3.000000 14802.000000
1 3.000000 58.000000 12596.000000 87.000000 4.000000 12748.000000
1 2.000000 66.000000 19793.000000 78.000000 9.000000 19948.000000
1 2.000000 61.000000 11377.000000 74.000000 3.000000 11517.000000
1 2.000000 68.000000 15684.000000 75.000000 4.000000 15833.000000
1 2.000000 58.000000 14091.000000 126.000000 4.000000 14281.000000
1 2.000000 55.000000 14726.000000 69.000000 4.000000 14856.000000
1 1.000000 58.000000 17607.000000 92.000000 5.000000 17763.000000
1 2.000000 60.000000 11741.000000 79.000000 4.000000 11886.000000
1 2.000000 56.000000 11729.000000 75.000000 3.000000 11865.000000
1 2.000000 62.000000 14490.000000 132.000000 4.000000 14690.000000
1 2.000000 67.000000 15762.000000 88.000000 5.000000 15924.000000
1 1.000000 39.000000 17495.000000 69.000000 4.000000 17608.000000
1 2.000000 55.000000 11561.000000 112.000000 3.000000 11733.000000
1 2.000000 70.000000 15560.000000 135.000000 6.000000 15773.000000
1 2.000000 64.000000 15310.000000 69.000000 4.000000 15449.000000
1 2.000000 73.000000 -988657.000000 74.000000 3.000000 -988505.000000
1 2.000000 74.000000 51629.000000 82.000000 4.000000 51791.000000
1 1.000000 66.000000 14141.000000 126.000000 4.000000 14338.000000
1 2.000000 68.000000 16146.000000 69.000000 4.000000 16289.000000
1 1.000000 43.000000 16479.000000 138.000000 3.000000 16664.000000
1 2.000000 72.000000 11671.000000 72.000000 2.000000 11819.000000
1 2.000000 65.000000 12601.000000 79.000000 3.000000 12750.000000
1 2.000000 53.000000 11695.000000 87.000000 3.000000 11840.000000
