12 1.000000 178.000000 9159.000000 5982.000000 5.000000 15325.000000
12 1.000000 175.000000 11829.000000 6329.000000 4.000000 18338.000000
12 2.000000 194.000000 9707.000000 6402.000000 5.000000 16310.000000
12 2.000000 197.000000 10117.000000 6102.000000 3.000000 16421.000000
12 2.000000 186.000000 18868.000000 6150.000000 3.000000 25209.000000
12 2.000000 192.000000 16261.000000 6063.000000 3.000000 22521.000000
12 1.000000 248.000000 18178.000000 6168.000000 4.000000 24599.000000
12 2.000000 211.000000 9163.000000 6170.000000 4.000000 15550.000000
12 1.000000 175.000000 9641.000000 5865.000000 4.000000 15686.000000
12 2.000000 199.000000 8079.000000 5848.000000 4.000000 14132.000000
12 3.000000 201.000000 10108.000000 5804.000000 3.000000 16119.000000
12 3.000000 1007.000000 8978.000000 5834.000000 4.000000 15826.000000
12 2.000000 1580.000000 6321.000000 4977.000000 2.000000 12882.000000
12 3.000000 215.000000 7586.000000 5933.000000 3.000000 13740.000000
12 2.000000 1098.000000 9282.000000 5839.000000 4.000000 16225.000000
12 2.000000 954.000000 6075.000000 5065.000000 2.000000 12098.000000
12 1.000000 4598.000000 2777.000000 5444.000000 2.000000 12822.000000
12 2.000000 1964.000000 5355.000000 5003.000000 2.000000 12326.000000
12 2.000000 918.000000 9582.000000 5973.000000 4.000000 16479.000000
12 2.000000 5299.000000 2815.000000 5081.000000 2.000000 13199.000000
12 3.000000 605.000000 5215.000000 5416.000000 3.000000 11242.000000
12 2.000000 1942.000000 4428.000000 5652.000000 3.000000 12027.000000
12 2.000000 5921.000000 1920.000000 5038.000000 2.000000 12883.000000
12 2.000000 1853.000000 4102.000000 5738.000000 3.000000 11698.000000
12 1.000000 531.000000 6067.000000 5012.000000 2.000000 11613.000000
12 2.000000 2371.000000 4238.000000 5227.000000 3.000000 11841.000000
12 2.000000 5887.000000 1387.000000 4967.000000 2.000000 12245.000000
12 1.000000 163.000000 13107.000000 6128.000000 4.000000 19403.000000
12 2.000000 528.000000 5925.000000 4956.000000 2.000000 11413.000000
12 2.000000 200.000000 10494.000000 6119.000000 4.000000 16819.000000
12 2.000000 4174.000000 3122.000000 4983.000000 3.000000 12284.000000
12 2.000000 558.000000 5501.000000 5170.000000 2.000000 11233.000000
12 2.000000 547.000000 5422.000000 5125.000000 3.000000 11099.000000
12 1.000000 1699.000000 5751.000000 4962.000000 2.000000 12415.000000
12 1.000000 1381.000000 4688.000000 5792.000000 3.000000 11865.000000
12 2.000000 722.000000 5411.000000 5809.000000 5.000000 11949.000000
12 2.000000 557.000000 6170.000000 6149.000000 4.000000 12882.000000
12 2.000000 4772.000000 2508.000000 5078.000000 3.000000 12363.000000
12 2.000000 1923.000000 4949.000000 5521.000000 3.000000 12398.000000
12 2.000000 4601.000000 3199.000000 5053.000000 3.000000 12858.000000
12 2.000000 548.000000 5445.000000 5159.000000 2.000000 11156.000000
12 2.000000 526.000000 5351.000000 5334.000000 3.000000 11216.000000
12 2.000000 2575.000000 5396.000000 5092.000000 2.000000 13067.000000
12 2.000000 214.000000 13933.000000 5862.000000 3.000000 20014.000000
12 1.000000 2025.000000 6270.000000 5197.000000 3.000000 13496.000000
12 2.000000 2715.000000 3686.000000 5132.000000 3.000000 11538.000000
12 2.000000 9571.000000 7848.000000 5688.000000 3.000000 23112.000000
12 1.000000 604.000000 5072.000000 5052.000000 3.000000 10732.000000
12 2.000000 3648.000000 2450.000000 4976.000000 3.000000 11079.000000
12 2.000000 2405.000000 5102.000000 5056.000000 2.000000 12567.000000
12 1.000000 195.000000 7869.000000 5289.000000 3.000000 13357.000000
12 2.000000 201.000000 8983.000000 5797.000000 3.000000 14986.000000
12 1.000000 146.000000 14960.000000 6011.000000 3.000000 21121.000000
12 2.000000 933.000000 13443.000000 7669.000000 4.000000 22051.000000
12 2.000000 177.000000 14841.000000 6575.000000 4.000000 21599.000000
12 1.000000 1908.000000 5887.000000 5338.000000 2.000000 13136.000000
12 2.000000 267.000000 13239.000000 6081.000000 6.000000 19595.000000
12 2.000000 5994.000000 3870.000000 5838.000000 3.000000 15707.000000
12 2.000000 2415.000000 6628.000000 5162.000000 3.000000 14210.000000
12 2.000000 5868.000000 2594.000000 4974.000000 2.000000 13440.000000
12 3.000000 1563.000000 4937.000000 5074.000000 3.000000 11580.000000
12 2.000000 215.000000 22491.000000 7767.000000 4.000000 30479.000000
12 1.000000 1989.000000 5681.000000 5302.000000 4.000000 12977.000000
12 2.000000 205.000000 14341.000000 6200.000000 4.000000 20752.000000
12 2.000000 947.000000 7098.000000 5075.000000 3.000000 13125.000000
12 2.000000 5331.000000 2838.000000 5014.000000 2.000000 13187.000000
12 2.000000 555.000000 7044.000000 5008.000000 3.000000 12612.000000
12 2.000000 3484.000000 6269.000000 4989.000000 3.000000 14747.000000
12 1.000000 918.000000 4631.000000 5069.000000 2.000000 10621.000000
12 2.000000 196.000000 21670.000000 6228.000000 4.000000 28100.000000
12 2.000000 547.000000 5468.000000 5092.000000 2.000000 11111.000000
12 2.000000 3914.000000 2706.000000 4985.000000 2.000000 11609.000000
12 1.000000 1264.000000 6416.000000 6616.000000 4.000000 14301.000000
12 2.000000 918.000000 5147.000000 5137.000000 2.000000 11206.000000
12 2.000000 6051.000000 2774.000000 7162.000000 5.000000 15994.000000
12 2.000000 1048.000000 7806.000000 5548.000000 3.000000 14407.000000
12 2.000000 1930.000000 5900.000000 6727.000000 4.000000 14563.000000
12 1.000000 1725.000000 6591.000000 5510.000000 3.000000 13830.000000
12 3.000000 223.000000 14237.000000 6367.000000 10.000000 20840.000000
12 2.000000 6178.000000 3914.000000 5396.000000 3.000000 15493.000000
12 2.000000 228.000000 10407.000000 5037.000000 3.000000 15677.000000
12 1.000000 3984.000000 3138.000000 4996.000000 2.000000 12121.000000
12 2.000000 195.000000 13539.000000 5196.000000 3.000000 18935.000000
12 2.000000 531.000000 6267.000000 5114.000000 2.000000 11916.000000
12 3.000000 601.000000 5557.000000 5129.000000 4.000000 11294.000000
12 2.000000 2612.000000 3966.000000 8552.000000 6.000000 15138.000000
12 2.000000 1340.000000 20611.000000 6088.000000 5.000000 28046.000000
12 3.000000 4149.000000 4871.000000 5351.000000 2.000000 14376.000000
12 3.000000 244.000000 7713.000000 -994310.000000 3.000000 -986347.000000
12 2.000000 1939.000000 4778.000000 5036.000000 3.000000 11758.000000
12 2.000000 2476.000000 6034.000000 5059.000000 3.000000 13574.000000
12 2.000000 2178.000000 7674.000000 5015.000000 3.000000 14872.000000
12 2.000000 2480.000000 5836.000000 4962.000000 2.000000 13282.000000
12 1.000000 297.000000 9066.000000 6059.000000 4.000000 15427.000000
12 2.000000 4014.000000 10679.000000 5432.000000 3.000000 20130.000000
12 3.000000 247.000000 28797.000000 29030.000000 8.000000 58085.000000
12 1.000000 4106.000000 3094.000000 5757.000000 2.000000 12960.000000
12 1.000000 1080.000000 5929.000000 5223.000000 4.000000 12237.000000
12 2.000000 4561.000000 3363.000000 5044.000000 2.000000 12972.000000
12 2.000000 4836.000000 6320.000000 6061.000000 4.000000 17223.000000
