2 1.000000 55.000000 14462.000000 1338.000000 1.000000 15857.000000
2 1.000000 44.000000 10541.000000 1261.000000 2.000000 11849.000000
2 2.000000 81.000000 16954.000000 1195.000000 4.000000 18236.000000
2 1.000000 48.000000 11102.000000 1272.000000 2.000000 12425.000000
2 1.000000 52.000000 14380.000000 1281.000000 3.000000 15717.000000
2 1.000000 54.000000 16170.000000 1313.000000 2.000000 17540.000000
2 1.000000 59.000000 8092.000000 1350.000000 2.000000 9504.000000
2 2.000000 60.000000 24651.000000 1334.000000 3.000000 26050.000000
2 1.000000 56.000000 8202.000000 1205.000000 2.000000 9466.000000
2 1.000000 68.000000 15001.000000 1329.000000 3.000000 16402.000000
2 2.000000 85.000000 8112.000000 1259.000000 2.000000 9460.000000
2 1.000000 73.000000 9317.000000 1291.000000 3.000000 10685.000000
2 5.000000 381.000000 7975.000000 954.000000 2.000000 9317.000000
2 2.000000 292.000000 8754.000000 1186.000000 3.000000 10237.000000
2 2.000000 70.000000 11664.000000 1317.000000 3.000000 13056.000000
2 2.000000 76.000000 8907.000000 1379.000000 3.000000 10367.000000
2 1.000000 64.000000 7820.000000 1034.000000 1.000000 8920.000000
2 2.000000 62.000000 7770.000000 974.000000 2.000000 8810.000000
2 1.000000 57.000000 7996.000000 998.000000 2.000000 9054.000000
2 2.000000 105.000000 7906.000000 957.000000 1.000000 8971.000000
2 2.000000 52.000000 15724.000000 1338.000000 3.000000 17119.000000
2 2.000000 69.000000 7574.000000 975.000000 1.000000 8621.000000
2 1.000000 52.000000 8162.000000 980.000000 2.000000 9197.000000
2 1.000000 64.000000 7844.000000 1301.000000 1.000000 9211.000000
2 3.000000 71.000000 8848.000000 1783.000000 3.000000 10708.000000
2 2.000000 63.000000 7816.000000 974.000000 2.000000 8857.000000
2 2.000000 66.000000 7830.000000 1033.000000 3.000000 8934.000000
2 1.000000 60.000000 7353.000000 956.000000 2.000000 8372.000000
2 2.000000 66.000000 7243.000000 965.000000 2.000000 8278.000000
2 2.000000 66.000000 7759.000000 1015.000000 2.000000 8844.000000
2 1.000000 51.000000 9766.000000 1131.000000 2.000000 10951.000000
2 1.000000 71.000000 7739.000000 986.000000 2.000000 8799.000000
2 2.000000 79.000000 7453.000000 1202.000000 2.000000 8738.000000
2 1.000000 66.000000 7735.000000 1011.000000 2.000000 8815.000000
2 2.000000 63.000000 7763.000000 1034.000000 1.000000 8863.000000
2 2.000000 64.000000 7967.000000 1000.000000 2.000000 9035.000000
2 3.000000 72.000000 7954.000000 995.000000 1.000000 9025.000000
2 2.000000 63.000000 7675.000000 976.000000 1.000000 8717.000000
2 2.000000 65.000000 8472.000000 989.000000 2.000000 9530.000000
2 2.000000 66.000000 7637.000000 979.000000 2.000000 8686.000000
2 2.000000 68.000000 7758.000000 1090.000000 1.000000 8919.000000
2 1.000000 66.000000 7803.000000 956.000000 2.000000 8828.000000
2 2.000000 69.000000 7694.000000 1027.000000 2.000000 8794.000000
2 1.000000 64.000000 7795.000000 946.000000 2.000000 8808.000000
2 1.000000 58.000000 7544.000000 1002.000000 2.000000 8607.000000
2 2.000000 91.000000 9774.000000 1112.000000 2.000000 10981.000000
2 2.000000 625.000000 7630.000000 1033.000000 1.000000 9291.000000
2 2.000000 65.000000 7803.000000 1013.000000 2.000000 8885.000000
2 1.000000 62.000000 15771.000000 1343.000000 2.000000 17179.000000
2 2.000000 65.000000 7553.000000 959.000000 1.000000 8580.000000
2 2.000000 45.000000 8868.000000 1066.000000 1.000000 9982.000000
2 1.000000 45.000000 9766.000000 1251.000000 2.000000 11065.000000
2 1.000000 47.000000 9029.000000 1241.000000 2.000000 10320.000000
2 2.000000 57.000000 16367.000000 1246.000000 3.000000 17675.000000
2 1.000000 42.000000 8896.000000 1366.000000 3.000000 10308.000000
2 1.000000 48.000000 14744.000000 1493.000000 3.000000 16289.000000
2 2.000000 73.000000 19607.000000 1353.000000 2.000000 21037.000000
2 2.000000 63.000000 24931.000000 1293.000000 2.000000 26291.000000
2 2.000000 73.000000 18792.000000 1242.000000 2.000000 20111.000000
2 1.000000 70.000000 8090.000000 972.000000 2.000000 9135.000000
2 2.000000 86.000000 9592.000000 1442.000000 3.000000 11125.000000
2 1.000000 54.000000 7758.000000 1018.000000 1.000000 8832.000000
2 2.000000 67.000000 11074.000000 1208.000000 3.000000 12354.000000
2 2.000000 59.000000 7689.000000 980.000000 2.000000 8732.000000
2 2.000000 72.000000 7567.000000 1357.000000 2.000000 9000.000000
2 2.000000 73.000000 10726.000000 1170.000000 3.000000 11974.000000
2 2.000000 72.000000 9108.000000 1290.000000 2.000000 10474.000000
2 2.000000 70.000000 8808.000000 973.000000 1.000000 9854.000000
2 2.000000 63.000000 7979.000000 1181.000000 3.000000 9228.000000
2 2.000000 55.000000 7687.000000 980.000000 1.000000 8725.000000
2 2.000000 63.000000 7481.000000 1371.000000 2.000000 8919.000000
2 3.000000 75.000000 15643.000000 1373.000000 2.000000 17096.000000
2 2.000000 61.000000 7730.000000 1089.000000 3.000000 8885.000000
2 2.000000 76.000000 6887.000000 1161.000000 3.000000 8129.000000
2 2.000000 67.000000 7700.000000 1018.000000 1.000000 8788.000000
2 2.000000 77.000000 7341.000000 989.000000 2.000000 8411.000000
2 1.000000 78.000000 -990297.000000 974.000000 2.000000 -989242.000000
2 1.000000 47.000000 7519.000000 1047.000000 2.000000 8616.000000
2 2.000000 60.000000 7890.000000 1014.000000 1.000000 8967.000000
2 2.000000 65.000000 7637.000000 998.000000 1.000000 8703.000000
2 2.000000 62.000000 7662.000000 993.000000 2.000000 8721.000000
2 2.000000 65.000000 7823.000000 985.000000 2.000000 8877.000000
2 2.000000 64.000000 9497.000000 1031.000000 1.000000 10595.000000
2 3.000000 71.000000 6799.000000 1129.000000 3.000000 8005.000000
2 2.000000 59.000000 7726.000000 973.000000 1.000000 8761.000000
2 2.000000 98.000000 9007.000000 1250.000000 3.000000 10360.000000
2 2.000000 101.000000 12067.000000 1967.000000 4.000000 14141.000000
2 1.000000 116.000000 7911.000000 1179.000000 2.000000 9209.000000
2 1.000000 63.000000 7756.000000 994.000000 2.000000 8816.000000
2 1.000000 70.000000 7793.000000 1009.000000 2.000000 8875.000000
2 2.000000 68.000000 8145.000000 1198.000000 2.000000 9415.000000
2 2.000000 74.000000 9342.000000 1217.000000 3.000000 10638.000000
2 2.000000 77.000000 10159.000000 969.000000 2.000000 11209.000000
2 2.000000 98.000000 7804.000000 1113.000000 3.000000 9020.000000
2 2.000000 68.000000 7912.000000 961.000000 1.000000 8944.000000
2 2.000000 71.000000 7954.000000 1406.000000 1.000000 9434.000000
2 2.000000 64.000000 7904.000000 1028.000000 2.000000 9000.000000
2 1.000000 60.000000 7805.000000 1243.000000 1.000000 9110.000000
2 2.000000 61.000000 7749.000000 973.000000 1.000000 8786.000000
2 1.000000 69.000000 9043.000000 1343.000000 2.000000 10458.000000
