6 1.000000 104.000000 14498.000000 3072.000000 3.000000 17678.000000
6 1.000000 109.000000 14594.000000 3147.000000 3.000000 17854.000000
6 2.000000 131.000000 12661.000000 3098.000000 3.000000 15895.000000
6 2.000000 113.000000 8525.000000 3013.000000 4.000000 11657.000000
6 2.000000 106.000000 11891.000000 3218.000000 3.000000 15220.000000
6 1.000000 101.000000 16690.000000 3151.000000 3.000000 19946.000000
6 1.000000 93.000000 12371.000000 3180.000000 3.000000 15648.000000
6 2.000000 110.000000 14357.000000 3237.000000 3.000000 17709.000000
6 1.000000 104.000000 8710.000000 2836.000000 1.000000 11652.000000
6 2.000000 110.000000 8710.000000 3283.000000 3.000000 12108.000000
6 3.000000 136.000000 11460.000000 3186.000000 6.000000 14791.000000
6 2.000000 124.000000 8591.000000 3150.000000 3.000000 11870.000000
6 2.000000 123.000000 7330.000000 2999.000000 3.000000 10457.000000
6 2.000000 3423.000000 6407.000000 3169.000000 4.000000 13005.000000
6 2.000000 3440.000000 5189.000000 2882.000000 3.000000 11516.000000
6 3.000000 122.000000 9210.000000 3284.000000 3.000000 12622.000000
6 2.000000 782.000000 6383.000000 3030.000000 2.000000 10199.000000
6 1.000000 512.000000 6655.000000 2680.000000 2.000000 9850.000000
6 1.000000 1066.000000 5240.000000 2846.000000 3.000000 9156.000000
6 1.000000 6305.000000 2291.000000 2673.000000 3.000000 11273.000000
6 2.000000 2623.000000 3106.000000 3044.000000 2.000000 8777.000000
6 3.000000 480.000000 6074.000000 2894.000000 2.000000 9453.000000
6 2.000000 793.000000 7025.000000 2660.000000 2.000000 10482.000000
6 3.000000 166.000000 7140.000000 2664.000000 3.000000 9976.000000
6 2.000000 2791.000000 3379.000000 2688.000000 2.000000 8862.000000
6 2.000000 2367.000000 4889.000000 2888.000000 3.000000 10149.000000
6 1.000000 4679.000000 4042.000000 3485.000000 3.000000 12210.000000
6 2.000000 5175.000000 3614.000000 4052.000000 2.000000 12845.000000
6 1.000000 159.000000 5062.000000 3209.000000 2.000000 8433.000000
6 2.000000 2591.000000 3776.000000 3050.000000 5.000000 9424.000000
6 2.000000 486.000000 6191.000000 2652.000000 2.000000 9333.000000
6 2.000000 843.000000 6547.000000 2678.000000 3.000000 10073.000000
6 1.000000 3856.000000 3686.000000 2750.000000 2.000000 10295.000000
6 3.000000 852.000000 7760.000000 2670.000000 3.000000 11288.000000
6 1.000000 662.000000 5458.000000 2711.000000 2.000000 8834.000000
6 1.000000 480.000000 6925.000000 2824.000000 2.000000 10232.000000
6 1.000000 3838.000000 4023.000000 4220.000000 4.000000 12086.000000
6 2.000000 859.000000 6388.000000 2846.000000 1.000000 10096.000000
6 2.000000 1187.000000 7212.000000 2680.000000 2.000000 11083.000000
6 2.000000 114.000000 24009.000000 3396.000000 4.000000 27525.000000
6 1.000000 331.000000 5230.000000 2806.000000 2.000000 8370.000000
6 3.000000 2937.000000 2784.000000 2746.000000 2.000000 8472.000000
6 2.000000 195.000000 4957.000000 2946.000000 3.000000 8103.000000
6 2.000000 590.000000 7341.000000 2731.000000 1.000000 10665.000000
6 2.000000 5518.000000 2450.000000 2702.000000 2.000000 10674.000000
6 3.000000 2853.000000 2969.000000 2733.000000 2.000000 8560.000000
6 2.000000 3094.000000 2442.000000 3082.000000 2.000000 8622.000000
6 2.000000 1496.000000 7098.000000 3027.000000 3.000000 11626.000000
6 2.000000 1463.000000 5969.000000 2967.000000 3.000000 10404.000000
6 2.000000 124.000000 11870.000000 3362.000000 3.000000 15361.000000
6 2.000000 100.000000 8887.000000 3058.000000 3.000000 12050.000000
6 2.000000 104.000000 8486.000000 3328.000000 3.000000 11923.000000
6 3.000000 131.000000 17839.000000 3402.000000 4.000000 21379.000000
6 1.000000 101.000000 13286.000000 3423.000000 3.000000 16814.000000
6 1.000000 4173.000000 4812.000000 3405.000000 3.000000 12394.000000
6 2.000000 113.000000 9825.000000 3209.000000 3.000000 13152.000000
6 1.000000 3413.000000 5065.000000 3164.000000 3.000000 11646.000000
6 2.000000 113.000000 10043.000000 2916.000000 4.000000 13078.000000
6 1.000000 237.000000 7657.000000 3032.000000 3.000000 10930.000000
6 2.000000 2738.000000 6566.000000 2999.000000 3.000000 12308.000000
6 2.000000 1134.000000 6080.000000 2738.000000 1.000000 9955.000000
6 2.000000 1835.000000 7685.000000 2746.000000 3.000000 12271.000000
6 2.000000 3050.000000 4629.000000 3299.000000 2.000000 10982.000000
6 2.000000 179.000000 5062.000000 2834.000000 2.000000 8079.000000
6 2.000000 3047.000000 4552.000000 2681.000000 3.000000 10285.000000
6 3.000000 2567.000000 5118.000000 2699.000000 4.000000 10391.000000
6 2.000000 2600.000000 3958.000000 2719.000000 2.000000 9281.000000
6 2.000000 1072.000000 6094.000000 2897.000000 2.000000 10067.000000
6 2.000000 2840.000000 4713.000000 2667.000000 3.000000 10225.000000
6 3.000000 1453.000000 6880.000000 3639.000000 2.000000 11977.000000
6 1.000000 2904.000000 5772.000000 3134.000000 3.000000 11814.000000
6 2.000000 3488.000000 3259.000000 2766.000000 2.000000 9517.000000
6 3.000000 2038.000000 5390.000000 2643.000000 2.000000 10076.000000
6 1.000000 352.000000 6306.000000 2723.000000 2.000000 9384.000000
6 2.000000 480.000000 6092.000000 3017.000000 3.000000 9594.000000
6 1.000000 2934.000000 3623.000000 2729.000000 2.000000 9289.000000
6 2.000000 153.000000 8575.000000 2840.000000 6.000000 11576.000000
6 3.000000 2734.000000 4001.000000 2744.000000 2.000000 9484.000000
6 2.000000 4139.000000 4196.000000 2681.000000 2.000000 11020.000000
6 2.000000 436.000000 5789.000000 2899.000000 2.000000 9128.000000
6 2.000000 688.000000 5594.000000 2652.000000 2.000000 8938.000000
6 1.000000 1677.000000 5976.000000 2680.000000 2.000000 10336.000000
6 3.000000 2796.000000 2630.000000 3150.000000 2.000000 8581.000000
6 2.000000 4870.000000 2298.000000 3083.000000 3.000000 10256.000000
6 1.000000 189.000000 7140.000000 3003.000000 2.000000 10335.000000
6 1.000000 497.000000 6357.000000 2732.000000 2.000000 9589.000000
6 2.000000 184.000000 8047.000000 3236.000000 5.000000 11474.000000
6 2.000000 3544.000000 4530.000000 2702.000000 1.000000 10779.000000
6 2.000000 487.000000 6134.000000 2894.000000 3.000000 9520.000000
6 1.000000 1967.000000 6016.000000 3182.000000 2.000000 11168.000000
6 2.000000 2698.000000 8937.000000 3142.000000 2.000000 14781.000000
6 2.000000 3167.000000 5764.000000 3600.000000 5.000000 12538.000000
6 2.000000 822.000000 6519.000000 3088.000000 2.000000 10433.000000
6 2.000000 1267.000000 6281.000000 2963.000000 3.000000 10516.000000
6 2.000000 458.000000 6116.000000 2668.000000 2.000000 9246.000000
6 2.000000 2867.000000 3231.000000 2910.000000 4.000000 9014.000000
6 3.000000 2245.000000 4944.000000 2646.000000 2.000000 9840.000000
6 3.000000 283.000000 5155.000000 2808.000000 2.000000 8251.000000
6 2.000000 3034.000000 4026.000000 2838.000000 2.000000 9902.000000
6 3.000000 1030.000000 12284.000000 3108.000000 4.000000 16429.000000
