5 1.000000 87.000000 79806.000000 26874.000000 5.000000 106773.000000
5 1.000000 9349.000000 72073.000000 26237.000000 8.000000 107668.000000
5 1.000000 10803.000000 52810.000000 -972603.000000 9.000000 -908980.000000
5 2.000000 7956.000000 90833.000000 26648.000000 10.000000 125449.000000
5 2.000000 187.000000 80958.000000 24822.000000 5.000000 105974.000000
5 2.000000 6546.000000 68874.000000 25962.000000 7.000000 101391.000000
5 2.000000 307.000000 62753.000000 24439.000000 9.000000 87510.000000
5 2.000000 6780.000000 44863.000000 24870.000000 8.000000 76523.000000
5 1.000000 879.000000 60369.000000 28063.000000 8.000000 89320.000000
5 2.000000 517.000000 62269.000000 26580.000000 10.000000 89378.000000
5 2.000000 98.000000 62203.000000 24641.000000 10.000000 86954.000000
5 2.000000 13219.000000 44517.000000 27606.000000 36.000000 85380.000000
5 2.000000 101.000000 70360.000000 24693.000000 8.000000 95164.000000
5 2.000000 529.000000 68537.000000 25134.000000 8.000000 94210.000000
5 3.000000 205.000000 63312.000000 27288.000000 13.000000 90821.000000
5 2.000000 267.000000 54510.000000 -969964.000000 8.000000 -915177.000000
5 2.000000 237.000000 61584.000000 28737.000000 10.000000 90570.000000
5 2.000000 1151.000000 56607.000000 25216.000000 8.000000 82984.000000
5 2.000000 245.000000 51428.000000 26750.000000 10.000000 78435.000000
5 2.000000 2455.000000 94121.000000 26063.000000 13.000000 122654.000000
5 2.000000 491.000000 57828.000000 25278.000000 8.000000 83607.000000
5 3.000000 1717.000000 63737.000000 26828.000000 10.000000 92295.000000
5 2.000000 4234.000000 -936708.000000 27895.000000 13.000000 -904564.000000
5 2.000000 574.000000 -930612.000000 25124.000000 11.000000 -904901.000000
5 2.000000 131.000000 63978.000000 24186.000000 8.000000 88305.000000
5 3.000000 195.000000 59248.000000 25585.000000 8.000000 85039.000000
5 2.000000 507.000000 54833.000000 30331.000000 7.000000 85680.000000
5 2.000000 236.000000 56089.000000 27536.000000 8.000000 83871.000000
5 3.000000 11528.000000 53341.000000 24155.000000 9.000000 89036.000000
5 2.000000 197.000000 70796.000000 28237.000000 9.000000 99241.000000
5 2.000000 200.000000 50936.000000 29726.000000 7.000000 80871.000000
5 1.000000 483.000000 51142.000000 23893.000000 8.000000 75527.000000
5 2.000000 477.000000 52143.000000 28913.000000 9.000000 81544.000000
5 3.000000 118.000000 64742.000000 24978.000000 10.000000 89851.000000
5 2.000000 114.000000 56559.000000 25407.000000 10.000000 82092.000000
5 2.000000 229.000000 58973.000000 26436.000000 9.000000 85649.000000
5 2.000000 176.000000 51609.000000 22843.000000 9.000000 74639.000000
5 2.000000 401.000000 53502.000000 25464.000000 9.000000 79378.000000
5 2.000000 125.000000 63854.000000 24584.000000 13.000000 88578.000000
5 2.000000 225.000000 55288.000000 26867.000000 8.000000 82390.000000
5 2.000000 100.000000 52405.000000 26432.000000 9.000000 78948.000000
5 3.000000 877.000000 51491.000000 26775.000000 10.000000 79156.000000
5 2.000000 252.000000 54944.000000 23655.000000 12.000000 78865.000000
5 3.000000 193.000000 53101.000000 29547.000000 9.000000 82853.000000
5 3.000000 401.000000 57557.000000 25021.000000 10.000000 82992.000000
5 2.000000 588.000000 61675.000000 23211.000000 9.000000 85485.000000
5 3.000000 184.000000 58348.000000 26321.000000 9.000000 84865.000000
5 3.000000 196.000000 58425.000000 23352.000000 8.000000 81984.000000
5 1.000000 276.000000 54776.000000 25037.000000 10.000000 80100.000000
5 2.000000 238.000000 59695.000000 23598.000000 11.000000 83544.000000
5 1.000000 161.000000 76947.000000 28815.000000 6.000000 105930.000000
5 1.000000 97.000000 70748.000000 24856.000000 9.000000 95711.000000
5 1.000000 92.000000 64470.000000 25968.000000 6.000000 90537.000000
5 2.000000 108.000000 104005.000000 25748.000000 8.000000 129871.000000
5 1.000000 165.000000 74107.000000 25040.000000 8.000000 99321.000000
5 1.000000 100.000000 -924975.000000 26894.000000 8.000000 -897972.000000
5 2.000000 178.000000 51161.000000 26399.000000 10.000000 77750.000000
5 2.000000 3196.000000 51435.000000 32081.000000 9.000000 86723.000000
5 2.000000 568.000000 59571.000000 24214.000000 9.000000 84364.000000
5 2.000000 198.000000 51498.000000 29905.000000 9.000000 81612.000000
5 2.000000 213.000000 48899.000000 27622.000000 8.000000 76744.000000
5 3.000000 546.000000 58671.000000 23948.000000 10.000000 83178.000000
5 2.000000 538.000000 52551.000000 23863.000000 9.000000 76963.000000
5 2.000000 579.000000 56860.000000 23406.000000 16.000000 80863.000000
5 2.000000 103.000000 54114.000000 25604.000000 9.000000 79832.000000
5 2.000000 416.000000 54832.000000 24534.000000 11.000000 79795.000000
5 3.000000 728.000000 57671.000000 25370.000000 8.000000 83780.000000
5 2.000000 100.000000 53006.000000 28017.000000 8.000000 81133.000000
5 2.000000 111.000000 59553.000000 26871.000000 12.000000 86549.000000
5 2.000000 555.000000 60724.000000 27256.000000 9.000000 88546.000000
5 2.000000 595.000000 52227.000000 27502.000000 9.000000 80335.000000
5 2.000000 193.000000 50399.000000 29230.000000 8.000000 79832.000000
5 2.000000 496.000000 53556.000000 25435.000000 9.000000 79498.000000
5 1.000000 96.000000 53556.000000 27623.000000 10.000000 81286.000000
5 2.000000 178.000000 -944886.000000 23839.000000 8.000000 -920859.000000
5 1.000000 326.000000 48280.000000 -974590.000000 8.000000 -925975.000000
5 2.000000 196.000000 63083.000000 31011.000000 9.000000 94301.000000
5 2.000000 537.000000 53736.000000 26724.000000 9.000000 81008.000000
5 2.000000 101.000000 49031.000000 25602.000000 8.000000 74744.000000
5 2.000000 558.000000 -948798.000000 26042.000000 9.000000 -922187.000000
5 2.000000 191.000000 -941924.000000 28905.000000 8.000000 -912818.000000
5 2.000000 436.000000 -927596.000000 24177.000000 9.000000 -902972.000000
5 2.000000 270.000000 47268.000000 29604.000000 8.000000 77152.000000
5 2.000000 100.000000 46006.000000 30366.000000 8.000000 76482.000000
5 1.000000 105.000000 48923.000000 33091.000000 8.000000 82128.000000
5 2.000000 103.000000 49633.000000 29848.000000 7.000000 79593.000000
5 2.000000 105.000000 46726.000000 31646.000000 6.000000 78485.000000
5 1.000000 483.000000 44264.000000 25928.000000 6.000000 70682.000000
5 3.000000 105.000000 47066.000000 30908.000000 8.000000 78090.000000
5 2.000000 127.000000 49663.000000 31264.000000 8.000000 81064.000000
5 2.000000 99.000000 45322.000000 29138.000000 8.000000 74569.000000
5 1.000000 98.000000 47878.000000 28447.000000 8.000000 76432.000000
5 1.000000 96.000000 48619.000000 26984.000000 7.000000 75707.000000
5 2.000000 97.000000 48360.000000 30462.000000 6.000000 78927.000000
5 2.000000 101.000000 48375.000000 26666.000000 13.000000 75157.000000
5 3.000000 104.000000 50078.000000 29494.000000 7.000000 79686.000000
5 2.000000 388.000000 49490.000000 30891.000000 8.000000 80779.000000
5 2.000000 102.000000 46357.000000 29108.000000 9.000000 75578.000000
5 2.000000 100.000000 49385.000000 31827.000000 8.000000 81322.000000
5 1.000000 97.000000 47988.000000 30557.000000 8.000000 78651.000000
