11 2.000000 200.000000 79279.000000 57073.000000 7.000000 136561.000000
11 2.000000 173.000000 56962.000000 47122.000000 7.000000 104266.000000
11 2.000000 7353.000000 44714.000000 49668.000000 9.000000 101746.000000
11 1.000000 934.000000 52355.000000 49763.000000 9.000000 103062.000000
11 1.000000 21345.000000 31972.000000 48788.000000 8.000000 102114.000000
11 2.000000 555.000000 57824.000000 48640.000000 9.000000 107030.000000
11 1.000000 5326.000000 40314.000000 46322.000000 7.000000 91970.000000
11 2.000000 11210.000000 -966107.000000 45697.000000 8.000000 -909190.000000
11 2.000000 7329.000000 40379.000000 43276.000000 6.000000 90992.000000
11 2.000000 27773.000000 24284.000000 48229.000000 8.000000 100296.000000
11 2.000000 14271.000000 32014.000000 48082.000000 8.000000 94377.000000
11 3.000000 2004.000000 40627.000000 45667.000000 7.000000 88308.000000
11 3.000000 18229.000000 26959.000000 46618.000000 7.000000 91816.000000
11 2.000000 11991.000000 43942.000000 49849.000000 8.000000 105792.000000
11 2.000000 1933.000000 42270.000000 46323.000000 9.000000 90537.000000
11 2.000000 15809.000000 26082.000000 45288.000000 8.000000 87189.000000
11 1.000000 829.000000 41027.000000 44874.000000 8.000000 86739.000000
11 1.000000 8748.000000 35127.000000 45492.000000 7.000000 89375.000000
11 2.000000 18399.000000 27511.000000 45586.000000 7.000000 91505.000000
11 2.000000 2974.000000 39970.000000 44773.000000 8.000000 87727.000000
11 2.000000 13397.000000 34339.000000 -954899.000000 7.000000 -907154.000000
11 2.000000 8492.000000 39056.000000 46247.000000 8.000000 93805.000000
11 2.000000 4916.000000 39054.000000 44539.000000 8.000000 88519.000000
11 2.000000 1322.000000 41500.000000 44753.000000 7.000000 87584.000000
11 2.000000 7520.000000 39432.000000 43405.000000 7.000000 90366.000000
11 2.000000 2306.000000 41361.000000 46933.000000 8.000000 90610.000000
11 2.000000 1183.000000 42207.000000 43238.000000 8.000000 86638.000000
11 2.000000 810.000000 43035.000000 48057.000000 7.000000 91911.000000
11 2.000000 12829.000000 32188.000000 45140.000000 7.000000 90166.000000
11 3.000000 20329.000000 28290.000000 44740.000000 8.000000 93370.000000
11 2.000000 7815.000000 40565.000000 46226.000000 8.000000 94616.000000
11 2.000000 14541.000000 31156.000000 48694.000000 8.000000 94401.000000
11 1.000000 533.000000 43332.000000 45384.000000 9.000000 89259.000000
11 2.000000 13654.000000 36339.000000 46044.000000 8.000000 96047.000000
11 2.000000 3789.000000 43862.000000 46426.000000 7.000000 94086.000000
11 1.000000 677.000000 51419.000000 44447.000000 8.000000 96552.000000
11 2.000000 2528.000000 -950208.000000 46052.000000 7.000000 -901619.000000
11 2.000000 6258.000000 42415.000000 47371.000000 7.000000 96053.000000
11 2.000000 4423.000000 37945.000000 47452.000000 7.000000 89829.000000
11 2.000000 13579.000000 33189.000000 44499.000000 7.000000 91276.000000
11 1.000000 751.000000 47816.000000 45574.000000 7.000000 94149.000000
11 2.000000 19921.000000 27098.000000 48558.000000 9.000000 95588.000000
11 2.000000 6755.000000 40721.000000 44736.000000 7.000000 92221.000000
11 2.000000 476.000000 42264.000000 44869.000000 10.000000 87621.000000
11 2.000000 22335.000000 25109.000000 47122.000000 8.000000 94576.000000
11 3.000000 6689.000000 41691.000000 45953.000000 8.000000 94344.000000
11 3.000000 1794.000000 48494.000000 46892.000000 6.000000 97189.000000
11 2.000000 7251.000000 40531.000000 47393.000000 7.000000 95184.000000
11 1.000000 9695.000000 40048.000000 47083.000000 8.000000 96835.000000
11 2.000000 1054.000000 46239.000000 -951362.000000 8.000000 -904059.000000
11 2.000000 209.000000 78809.000000 53516.000000 9.000000 132545.000000
11 2.000000 3259.000000 46740.000000 53635.000000 10.000000 103646.000000
11 2.000000 206.000000 58792.000000 47167.000000 6.000000 106173.000000
11 1.000000 12614.000000 47172.000000 51395.000000 8.000000 111190.000000
11 2.000000 13728.000000 49727.000000 49492.000000 8.000000 112957.000000
11 1.000000 12328.000000 77335.000000 50592.000000 8.000000 140264.000000
11 2.000000 18476.000000 26006.000000 44869.000000 8.000000 89361.000000
11 2.000000 6040.000000 45947.000000 47848.000000 11.000000 99848.000000
11 2.000000 1077.000000 42348.000000 47093.000000 6.000000 90526.000000
11 2.000000 18274.000000 37893.000000 51204.000000 9.000000 107382.000000
11 2.000000 3481.000000 41304.000000 45474.000000 7.000000 90268.000000
11 2.000000 1429.000000 43410.000000 47369.000000 8.000000 92218.000000
11 2.000000 15137.000000 30535.000000 46317.000000 6.000000 91997.000000
11 2.000000 11885.000000 34849.000000 49019.000000 7.000000 95762.000000
11 3.000000 12913.000000 43051.000000 49807.000000 7.000000 105781.000000
11 2.000000 404.000000 44355.000000 46503.000000 8.000000 91272.000000
11 3.000000 12444.000000 34872.000000 44275.000000 6.000000 91600.000000
11 2.000000 15316.000000 27398.000000 47758.000000 8.000000 90482.000000
11 2.000000 16573.000000 29097.000000 47657.000000 7.000000 93336.000000
11 2.000000 3383.000000 40285.000000 45079.000000 7.000000 88756.000000
11 3.000000 1855.000000 43618.000000 44612.000000 8.000000 90096.000000
11 1.000000 5733.000000 41768.000000 47606.000000 8.000000 95116.000000
11 1.000000 5116.000000 47720.000000 45265.000000 7.000000 98109.000000
11 2.000000 796.000000 51959.000000 45422.000000 9.000000 98188.000000
11 2.000000 13747.000000 42429.000000 46176.000000 8.000000 102362.000000
11 2.000000 24108.000000 23067.000000 49486.000000 10.000000 96673.000000
11 2.000000 4183.000000 46362.000000 45978.000000 8.000000 96533.000000
11 2.000000 13537.000000 31481.000000 54217.000000 8.000000 99245.000000
11 2.000000 15466.000000 35313.000000 47763.000000 7.000000 98551.000000
11 3.000000 18422.000000 31227.000000 47299.000000 9.000000 96960.000000
11 2.000000 12315.000000 33051.000000 47937.000000 9.000000 93314.000000
11 2.000000 10903.000000 38007.000000 47657.000000 9.000000 96578.000000
11 2.000000 794.000000 48361.000000 49498.000000 9.000000 98664.000000
11 2.000000 17834.000000 28239.000000 46457.000000 8.000000 92540.000000
11 2.000000 10085.000000 40046.000000 48252.000000 7.000000 98392.000000
11 2.000000 17351.000000 27625.000000 48257.000000 9.000000 93244.000000
11 2.000000 2515.000000 43078.000000 45798.000000 9.000000 91402.000000
11 2.000000 23087.000000 -977740.000000 50436.000000 7.000000 -904208.000000
11 2.000000 5775.000000 42035.000000 48412.000000 8.000000 96232.000000
11 2.000000 5245.000000 44316.000000 50155.000000 8.000000 99726.000000
11 2.000000 1906.000000 50249.000000 47368.000000 8.000000 99533.000000
11 2.000000 19280.000000 30003.000000 50081.000000 9.000000 99375.000000
11 3.000000 12005.000000 35386.000000 47197.000000 8.000000 94599.000000
11 2.000000 929.000000 42497.000000 45313.000000 11.000000 88752.000000
11 2.000000 3715.000000 44221.000000 -952285.000000 8.000000 -904339.000000
11 3.000000 659.000000 43026.000000 46518.000000 8.000000 90214.000000
11 2.000000 19511.000000 29797.000000 44617.000000 8.000000 93935.000000
11 3.000000 3669.000000 -960065.000000 45742.000000 7.000000 -910644.000000
11 2.000000 6468.000000 38354.000000 44902.000000 7.000000 89733.000000
11 2.000000 4118.000000 40790.000000 45350.000000 7.000000 90267.000000
