2 4.000000 58.000000 290.000000 18.000000 1.000000 371.000000
2 2.000000 45.000000 429.000000 15.000000 1.000000 492.000000
2 2.000000 38.000000 269.000000 17.000000 1.000000 327.000000
2 2.000000 37.000000 262.000000 16.000000 0.000000 317.000000
2 3.000000 43.000000 3643.000000 22.000000 1.000000 3712.000000
2 2.000000 41.000000 3710.000000 18.000000 1.000000 3772.000000
2 2.000000 42.000000 1649.000000 20.000000 1.000000 1714.000000
2 2.000000 34.000000 457.000000 17.000000 0.000000 510.000000
2 3.000000 46.000000 4766.000000 17.000000 1.000000 4833.000000
2 4.000000 59.000000 6046.000000 22.000000 2.000000 6133.000000
2 4.000000 42.000000 274.000000 16.000000 1.000000 337.000000
2 2.000000 47.000000 961.000000 17.000000 1.000000 1028.000000
2 2.000000 38.000000 267.000000 17.000000 0.000000 324.000000
2 3.000000 46.000000 275.000000 16.000000 1.000000 341.000000
2 5.000000 45.000000 833.000000 17.000000 1.000000 901.000000
2 2.000000 44.000000 782.000000 16.000000 1.000000 845.000000
2 2.000000 39.000000 279.000000 16.000000 1.000000 337.000000
2 3.000000 39.000000 257.000000 17.000000 1.000000 317.000000
2 4.000000 43.000000 4257.000000 20.000000 1.000000 4325.000000
2 2.000000 53.000000 12101.000000 26.000000 1.000000 12183.000000
2 2.000000 41.000000 945.000000 16.000000 1.000000 1005.000000
2 3.000000 44.000000 447.000000 16.000000 1.000000 511.000000
2 3.000000 41.000000 8383.000000 17.000000 1.000000 8445.000000
2 2.000000 42.000000 2983.000000 18.000000 1.000000 3046.000000
2 5.000000 46.000000 628.000000 16.000000 1.000000 696.000000
2 4.000000 1716.000000 1713.000000 17.000000 1.000000 3451.000000
2 4.000000 43.000000 4845.000000 23.000000 1.000000 4916.000000
2 4.000000 57.000000 349.000000 18.000000 1.000000 429.000000
2 3.000000 36.000000 266.000000 19.000000 0.000000 324.000000
2 4.000000 48.000000 4212.000000 19.000000 1.000000 4284.000000
2 2.000000 36.000000 257.000000 18.000000 0.000000 313.000000
2 2.000000 40.000000 1263.000000 15.000000 0.000000 1320.000000
2 3.000000 34.000000 3344.000000 23.000000 1.000000 3405.000000
2 3.000000 47.000000 295.000000 16.000000 1.000000 362.000000
2 3.000000 45.000000 296.000000 16.000000 1.000000 361.000000
2 4.000000 44.000000 309.000000 20.000000 1.000000 378.000000
2 4.000000 48.000000 9123.000000 21.000000 1.000000 9197.000000
2 2.000000 38.000000 7012.000000 23.000000 1.000000 7076.000000
2 3.000000 47.000000 3028.000000 24.000000 2.000000 3104.000000
2 4.000000 41.000000 248.000000 20.000000 1.000000 314.000000
2 3.000000 40.000000 875.000000 20.000000 1.000000 939.000000
2 2.000000 43.000000 3670.000000 21.000000 1.000000 3737.000000
2 2.000000 39.000000 1420.000000 19.000000 1.000000 1481.000000
2 3.000000 39.000000 545.000000 15.000000 1.000000 603.000000
2 2.000000 44.000000 945.000000 15.000000 1.000000 1007.000000
2 3.000000 51.000000 2212.000000 22.000000 1.000000 2289.000000
2 3.000000 55.000000 11159.000000 17.000000 1.000000 11235.000000
2 4.000000 52.000000 6176.000000 18.000000 1.000000 6251.000000
2 3.000000 44.000000 1201.000000 17.000000 1.000000 1266.000000
2 4.000000 45.000000 333.000000 15.000000 1.000000 398.000000
2 4.000000 57.000000 2746.000000 22.000000 2.000000 2831.000000
2 2.000000 36.000000 258.000000 17.000000 1.000000 314.000000
2 2.000000 37.000000 269.000000 16.000000 1.000000 325.000000
2 3.000000 37.000000 257.000000 15.000000 1.000000 313.000000
2 3.000000 37.000000 229.000000 16.000000 1.000000 286.000000
2 3.000000 38.000000 262.000000 18.000000 1.000000 322.000000
2 2.000000 33.000000 245.000000 14.000000 1.000000 295.000000
2 2.000000 39.000000 258.000000 17.000000 1.000000 317.000000
2 3.000000 36.000000 260.000000 16.000000 1.000000 316.000000
2 2.000000 39.000000 274.000000 17.000000 0.000000 332.000000
2 3.000000 37.000000 262.000000 17.000000 0.000000 319.000000
2 3.000000 34.000000 251.000000 15.000000 1.000000 304.000000
2 3.000000 35.000000 245.000000 18.000000 1.000000 302.000000
2 2.000000 35.000000 205.000000 15.000000 0.000000 257.000000
2 4.000000 38.000000 285.000000 18.000000 1.000000 346.000000
2 2.000000 33.000000 245.000000 16.000000 1.000000 297.000000
2 2.000000 37.000000 246.000000 16.000000 0.000000 301.000000
2 2.000000 39.000000 278.000000 16.000000 1.000000 336.000000
2 2.000000 38.000000 260.000000 17.000000 1.000000 318.000000
2 2.000000 39.000000 272.000000 19.000000 1.000000 333.000000
2 2.000000 36.000000 261.000000 17.000000 1.000000 317.000000
2 4.000000 37.000000 263.000000 15.000000 1.000000 320.000000
2 2.000000 41.000000 292.000000 16.000000 1.000000 352.000000
2 2.000000 32.000000 255.000000 16.000000 1.000000 306.000000
2 2.000000 36.000000 275.000000 18.000000 1.000000 332.000000
2 2.000000 43.000000 321.000000 16.000000 1.000000 383.000000
2 2.000000 33.000000 510.000000 20.000000 1.000000 566.000000
2 2.000000 39.000000 1748.000000 15.000000 1.000000 1805.000000
2 3.000000 45.000000 206.000000 15.000000 1.000000 270.000000
2 2.000000 43.000000 268.000000 20.000000 0.000000 333.000000
2 3.000000 3662.000000 286.000000 19.000000 1.000000 3971.000000
2 3.000000 42.000000 260.000000 15.000000 1.000000 321.000000
2 2.000000 53.000000 283.000000 18.000000 1.000000 357.000000
2 3.000000 37.000000 264.000000 16.000000 1.000000 321.000000
2 2.000000 38.000000 292.000000 17.000000 1.000000 350.000000
2 2.000000 37.000000 274.000000 16.000000 0.000000 329.000000
2 4.000000 41.000000 303.000000 20.000000 1.000000 369.000000
2 2.000000 36.000000 261.000000 16.000000 1.000000 316.000000
2 2.000000 36.000000 254.000000 19.000000 1.000000 312.000000
2 2.000000 37.000000 260.000000 19.000000 1.000000 319.000000
2 2.000000 43.000000 285.000000 16.000000 0.000000 346.000000
2 3.000000 39.000000 3378.000000 28.000000 2.000000 3450.000000
2 2.000000 68.000000 1030.000000 17.000000 0.000000 1117.000000
2 3.000000 37.000000 248.000000 15.000000 1.000000 304.000000
2 2.000000 43.000000 294.000000 17.000000 1.000000 357.000000
2 3.000000 42.000000 1159.000000 20.000000 1.000000 1225.000000
2 2.000000 37.000000 7289.000000 18.000000 1.000000 7347.000000
2 2.000000 32.000000 2468.000000 17.000000 1.000000 2520.000000
2 2.000000 40.000000 349.000000 17.000000 1.000000 409.000000
2 3.000000 42.000000 275.000000 17.000000 0.000000 337.000000
