3 2.000000 74.000000 14402.000000 1753.000000 4.000000 16235.000000
3 1.000000 90.000000 16950.000000 1744.000000 2.000000 18787.000000
3 2.000000 71.000000 14296.000000 1799.000000 4.000000 16172.000000
3 2.000000 77.000000 9437.000000 1755.000000 2.000000 11273.000000
3 1.000000 3955.000000 9985.000000 1819.000000 3.000000 15763.000000
3 2.000000 55.000000 8794.000000 4003.000000 2.000000 12856.000000
3 1.000000 61.000000 12053.000000 1735.000000 3.000000 13853.000000
3 1.000000 75.000000 10331.000000 1693.000000 3.000000 12103.000000
3 1.000000 106.000000 10948.000000 1646.000000 3.000000 12704.000000
3 2.000000 89.000000 11092.000000 2012.000000 3.000000 13198.000000
3 1.000000 75.000000 9434.000000 1749.000000 2.000000 11261.000000
3 2.000000 106.000000 13644.000000 1872.000000 5.000000 15629.000000
3 2.000000 87.000000 8913.000000 1784.000000 3.000000 10789.000000
3 3.000000 109.000000 16308.000000 2155.000000 4.000000 18579.000000
3 2.000000 163.000000 8358.000000 1572.000000 3.000000 10098.000000
3 2.000000 103.000000 13205.000000 1662.000000 4.000000 14976.000000
3 2.000000 167.000000 9591.000000 1812.000000 3.000000 11575.000000
3 2.000000 147.000000 7635.000000 1373.000000 2.000000 9159.000000
3 2.000000 152.000000 7041.000000 1381.000000 1.000000 8577.000000
3 2.000000 153.000000 8031.000000 1379.000000 1.000000 9566.000000
3 1.000000 141.000000 11782.000000 2794.000000 3.000000 14721.000000
3 2.000000 101.000000 12476.000000 1885.000000 4.000000 14468.000000
3 2.000000 158.000000 10886.000000 1384.000000 1.000000 12431.000000
3 1.000000 122.000000 4979.000000 1806.000000 1.000000 6909.000000
3 2.000000 189.000000 11295.000000 1381.000000 3.000000 12870.000000
3 2.000000 114.000000 5450.000000 1802.000000 2.000000 7370.000000
3 3.000000 187.000000 9142.000000 1402.000000 3.000000 10737.000000
3 2.000000 90.000000 21644.000000 1795.000000 4.000000 23535.000000
3 2.000000 161.000000 5725.000000 2031.000000 4.000000 7923.000000
3 2.000000 149.000000 20358.000000 1772.000000 4.000000 22285.000000
3 2.000000 645.000000 14427.000000 1940.000000 3.000000 17017.000000
3 2.000000 1061.000000 9386.000000 1397.000000 2.000000 11848.000000
3 2.000000 100.000000 17523.000000 1971.000000 4.000000 19600.000000
3 2.000000 153.000000 8655.000000 1893.000000 4.000000 10707.000000
3 2.000000 143.000000 13246.000000 1955.000000 5.000000 15351.000000
3 3.000000 172.000000 9359.000000 1804.000000 4.000000 11342.000000
3 3.000000 126.000000 6901.000000 1405.000000 2.000000 8437.000000
3 2.000000 272.000000 10129.000000 1596.000000 3.000000 12002.000000
3 4.000000 125.000000 6546.000000 1383.000000 1.000000 8059.000000
3 2.000000 117.000000 -977150.000000 1982.000000 5.000000 -975044.000000
3 2.000000 155.000000 10318.000000 1819.000000 3.000000 12297.000000
3 3.000000 99.000000 12753.000000 4489.000000 5.000000 17349.000000
3 2.000000 171.000000 8213.000000 1409.000000 2.000000 9797.000000
3 2.000000 91.000000 10773.000000 1872.000000 3.000000 12741.000000
3 3.000000 147.000000 7961.000000 1569.000000 4.000000 9684.000000
3 2.000000 128.000000 11708.000000 1528.000000 3.000000 13369.000000
3 2.000000 129.000000 12947.000000 1672.000000 4.000000 14754.000000
3 2.000000 113.000000 9878.000000 1469.000000 2.000000 11464.000000
3 2.000000 163.000000 8294.000000 1426.000000 3.000000 9888.000000
3 1.000000 144.000000 8793.000000 2379.000000 4.000000 11321.000000
3 3.000000 97.000000 -980883.000000 1912.000000 3.000000 -978868.000000
3 2.000000 225.000000 10168.000000 1824.000000 3.000000 12222.000000
3 1.000000 99.000000 10404.000000 1536.000000 2.000000 12042.000000
3 1.000000 66.000000 11805.000000 1783.000000 3.000000 13658.000000
3 2.000000 81.000000 11975.000000 1845.000000 40.000000 13943.000000
3 2.000000 100.000000 12364.000000 1465.000000 3.000000 13934.000000
3 1.000000 104.000000 11605.000000 1765.000000 3.000000 13478.000000
3 1.000000 104.000000 8320.000000 1783.000000 3.000000 10211.000000
3 2.000000 97.000000 9909.000000 1466.000000 2.000000 11476.000000
3 1.000000 71.000000 8864.000000 1689.000000 3.000000 10628.000000
3 1.000000 80.000000 12022.000000 1880.000000 2.000000 13985.000000
3 2.000000 94.000000 5038.000000 1799.000000 1.000000 6934.000000
3 2.000000 80.000000 7677.000000 1695.000000 2.000000 9456.000000
3 3.000000 105.000000 9783.000000 1748.000000 2.000000 11641.000000
3 2.000000 194.000000 9436.000000 1410.000000 2.000000 11044.000000
3 2.000000 452.000000 9684.000000 1564.000000 3.000000 11705.000000
3 2.000000 129.000000 8668.000000 1473.000000 2.000000 10274.000000
3 2.000000 453.000000 7096.000000 1545.000000 2.000000 9098.000000
3 3.000000 90.000000 14702.000000 1804.000000 3.000000 16602.000000
3 3.000000 158.000000 6377.000000 1368.000000 2.000000 7908.000000
3 2.000000 110.000000 8532.000000 1462.000000 2.000000 10108.000000
3 2.000000 105.000000 8462.000000 1388.000000 2.000000 9959.000000
3 2.000000 87.000000 14998.000000 1662.000000 3.000000 16752.000000
3 3.000000 207.000000 9516.000000 1765.000000 3.000000 11494.000000
3 2.000000 154.000000 9157.000000 1439.000000 3.000000 10755.000000
3 2.000000 176.000000 10982.000000 1854.000000 4.000000 13018.000000
3 2.000000 125.000000 8588.000000 1395.000000 2.000000 10112.000000
3 2.000000 87.000000 5034.000000 2145.000000 2.000000 7270.000000
3 2.000000 94.000000 9987.000000 1909.000000 4.000000 11996.000000
3 1.000000 59.000000 8871.000000 1989.000000 4.000000 10924.000000
3 2.000000 1225.000000 11151.000000 1400.000000 2.000000 13780.000000
3 3.000000 194.000000 8748.000000 1825.000000 4.000000 10774.000000
3 2.000000 443.000000 9034.000000 1438.000000 3.000000 10920.000000
3 6.000000 128.000000 10620.000000 1630.000000 4.000000 12388.000000
3 2.000000 180.000000 8902.000000 1555.000000 3.000000 10642.000000
3 3.000000 92.000000 13648.000000 1615.000000 4.000000 15362.000000
3 2.000000 147.000000 11601.000000 1443.000000 3.000000 13196.000000
3 2.000000 154.000000 7048.000000 1629.000000 3.000000 8836.000000
3 2.000000 97.000000 8743.000000 1789.000000 5.000000 10636.000000
3 2.000000 96.000000 9584.000000 1604.000000 4.000000 11290.000000
3 2.000000 479.000000 10747.000000 1399.000000 2.000000 12629.000000
3 2.000000 89.000000 5814.000000 1351.000000 1.000000 7257.000000
3 2.000000 110.000000 9436.000000 1659.000000 4.000000 11211.000000
3 3.000000 101.000000 11090.000000 1721.000000 3.000000 12918.000000
3 2.000000 90.000000 9204.000000 1619.000000 3.000000 10918.000000
3 2.000000 371.000000 8821.000000 1408.000000 2.000000 10604.000000
3 3.000000 97.000000 9638.000000 1915.000000 4.000000 11657.000000
3 3.000000 97.000000 9635.000000 1557.000000 2.000000 11294.000000
3 3.000000 151.000000 7217.000000 1695.000000 4.000000 9070.000000
3 2.000000 162.000000 8649.000000 1468.000000 3.000000 10284.000000
