7 5.000000 120.000000 1892.000000 379.000000 2.000000 2398.000000
7 2.000000 125.000000 1472.000000 370.000000 2.000000 1971.000000
7 2.000000 120.000000 1255.000000 363.000000 2.000000 1742.000000
7 0.000000 99.000000 1350.000000 371.000000 1.000000 1821.000000
7 1.000000 124.000000 1809.000000 355.000000 2.000000 2291.000000
7 2.000000 132.000000 3389.000000 366.000000 2.000000 3891.000000
7 2.000000 127.000000 1595.000000 645.000000 1.000000 2370.000000
7 1.000000 112.000000 1759.000000 387.000000 2.000000 2261.000000
7 2.000000 145.000000 1618.000000 389.000000 1.000000 2155.000000
7 2.000000 124.000000 1522.000000 384.000000 1.000000 2033.000000
7 1.000000 111.000000 1473.000000 362.000000 1.000000 1948.000000
7 1.000000 139.000000 5594.000000 364.000000 4.000000 6102.000000
7 1.000000 122.000000 1461.000000 352.000000 1.000000 1937.000000
7 2.000000 113.000000 5194.000000 383.000000 1.000000 5693.000000
7 1.000000 98.000000 2972.000000 376.000000 2.000000 3449.000000
7 1.000000 119.000000 4718.000000 392.000000 1.000000 5231.000000
7 2.000000 127.000000 1481.000000 381.000000 2.000000 1993.000000
7 2.000000 118.000000 3668.000000 385.000000 2.000000 4175.000000
7 2.000000 252.000000 1576.000000 370.000000 1.000000 2201.000000
7 2.000000 146.000000 1528.000000 463.000000 2.000000 2141.000000
7 2.000000 145.000000 12597.000000 388.000000 2.000000 13134.000000
7 2.000000 120.000000 1474.000000 386.000000 1.000000 1983.000000
7 1.000000 101.000000 3669.000000 356.000000 1.000000 4128.000000
7 2.000000 174.000000 2848.000000 361.000000 3.000000 3388.000000
7 1.000000 119.000000 3095.000000 357.000000 1.000000 3573.000000
7 2.000000 117.000000 1527.000000 393.000000 2.000000 2041.000000
7 2.000000 159.000000 1600.000000 425.000000 2.000000 2188.000000
7 1.000000 116.000000 3344.000000 357.000000 2.000000 3820.000000
7 2.000000 136.000000 9409.000000 365.000000 2.000000 9914.000000
7 2.000000 172.000000 5251.000000 363.000000 2.000000 5790.000000
7 3.000000 145.000000 1501.000000 374.000000 1.000000 2024.000000
7 2.000000 141.000000 1520.000000 367.000000 2.000000 2032.000000
7 0.000000 1169.000000 408.000000 341.000000 1.000000 1919.000000
7 1.000000 127.000000 1330.000000 351.000000 1.000000 1810.000000
7 2.000000 130.000000 1491.000000 397.000000 2.000000 2022.000000
7 1.000000 111.000000 1406.000000 372.000000 1.000000 1891.000000
7 1.000000 151.000000 1411.000000 352.000000 2.000000 1917.000000
7 1.000000 589.000000 455.000000 364.000000 2.000000 1411.000000
7 1.000000 137.000000 1164.000000 383.000000 1.000000 1686.000000
7 2.000000 138.000000 1668.000000 392.000000 2.000000 2202.000000
7 2.000000 139.000000 10327.000000 404.000000 2.000000 10874.000000
7 1.000000 137.000000 1588.000000 390.000000 1.000000 2117.000000
7 1.000000 138.000000 7103.000000 367.000000 2.000000 7611.000000
7 1.000000 4354.000000 498.000000 383.000000 1.000000 5237.000000
7 2.000000 185.000000 2869.000000 350.000000 1.000000 3407.000000
7 1.000000 1610.000000 1391.000000 366.000000 2.000000 3370.000000
7 2.000000 126.000000 1562.000000 388.000000 1.000000 2079.000000
7 1.000000 125.000000 1575.000000 440.000000 2.000000 2143.000000
7 3.000000 169.000000 1531.000000 358.000000 2.000000 2063.000000
7 2.000000 157.000000 2607.000000 372.000000 1.000000 3139.000000
7 1.000000 130.000000 2755.000000 372.000000 2.000000 3260.000000
7 1.000000 135.000000 1850.000000 365.000000 2.000000 2353.000000
7 3.000000 159.000000 4393.000000 351.000000 2.000000 4908.000000
7 2.000000 142.000000 8860.000000 353.000000 1.000000 9358.000000
7 2.000000 147.000000 1658.000000 371.000000 1.000000 2179.000000
7 2.000000 146.000000 1531.000000 361.000000 1.000000 2041.000000
7 1.000000 117.000000 1164.000000 389.000000 1.000000 1672.000000
7 2.000000 132.000000 3195.000000 369.000000 1.000000 3699.000000
7 1.000000 128.000000 9943.000000 376.000000 2.000000 10450.000000
7 1.000000 118.000000 1337.000000 373.000000 2.000000 1831.000000
7 0.000000 145.000000 1297.000000 370.000000 0.000000 1812.000000
7 1.000000 111.000000 5790.000000 375.000000 1.000000 6278.000000
7 1.000000 126.000000 1675.000000 573.000000 2.000000 2377.000000
7 1.000000 113.000000 3951.000000 401.000000 1.000000 4467.000000
7 2.000000 155.000000 6780.000000 401.000000 2.000000 7340.000000
7 1.000000 136.000000 1474.000000 407.000000 2.000000 2020.000000
7 3.000000 150.000000 1643.000000 381.000000 1.000000 2178.000000
7 1.000000 117.000000 1173.000000 390.000000 1.000000 1682.000000
7 1.000000 144.000000 1498.000000 360.000000 2.000000 2005.000000
7 3.000000 137.000000 3436.000000 363.000000 2.000000 3941.000000
7 1.000000 143.000000 3899.000000 365.000000 2.000000 4410.000000
7 1.000000 117.000000 1463.000000 371.000000 1.000000 1953.000000
7 0.000000 913.000000 1645.000000 398.000000 2.000000 2958.000000
7 0.000000 110.000000 1161.000000 362.000000 1.000000 1634.000000
7 1.000000 111.000000 11953.000000 361.000000 2.000000 12428.000000
7 3.000000 149.000000 4664.000000 372.000000 2.000000 5190.000000
7 2.000000 137.000000 5044.000000 358.000000 2.000000 5543.000000
7 1.000000 121.000000 3088.000000 332.000000 1.000000 3543.000000
7 0.000000 830.000000 698.000000 370.000000 1.000000 1899.000000
7 1.000000 157.000000 1506.000000 355.000000 2.000000 2021.000000
7 1.000000 115.000000 2412.000000 416.000000 2.000000 2946.000000
7 1.000000 243.000000 1328.000000 383.000000 2.000000 1957.000000
7 2.000000 180.000000 1311.000000 503.000000 2.000000 1998.000000
7 2.000000 118.000000 1504.000000 375.000000 1.000000 2000.000000
7 1.000000 136.000000 1708.000000 366.000000 2.000000 2213.000000
7 0.000000 873.000000 786.000000 425.000000 2.000000 2086.000000
7 2.000000 149.000000 1426.000000 371.000000 3.000000 1951.000000
7 1.000000 122.000000 1691.000000 364.000000 1.000000 2179.000000
7 1.000000 148.000000 1519.000000 357.000000 2.000000 2027.000000
7 1.000000 101.000000 1401.000000 350.000000 1.000000 1854.000000
7 1.000000 4284.000000 1718.000000 630.000000 4.000000 6637.000000
7 1.000000 128.000000 1451.000000 353.000000 1.000000 1934.000000
7 2.000000 150.000000 1784.000000 366.000000 1.000000 2303.000000
7 1.000000 104.000000 1047.000000 353.000000 1.000000 1506.000000
7 1.000000 137.000000 1205.000000 384.000000 1.000000 1728.000000
7 0.000000 289.000000 5234.000000 350.000000 2.000000 5875.000000
7 1.000000 1228.000000 320.000000 337.000000 1.000000 1887.000000
7 1.000000 144.000000 1563.000000 384.000000 1.000000 2093.000000
7 2.000000 139.000000 1525.000000 350.000000 1.000000 2017.000000
7 2.000000 935.000000 4881.000000 415.000000 2.000000 6235.000000
