9 4.000000 140.000000 365.000000 50.000000 1.000000 560.000000
9 2.000000 146.000000 4600.000000 54.000000 2.000000 4804.000000
9 2.000000 127.000000 362.000000 51.000000 1.000000 543.000000
9 2.000000 184.000000 3123.000000 51.000000 1.000000 3361.000000
9 3.000000 863.000000 754.000000 52.000000 1.000000 1673.000000
9 2.000000 128.000000 3939.000000 52.000000 2.000000 4123.000000
9 2.000000 131.000000 801.000000 47.000000 0.000000 981.000000
9 2.000000 124.000000 315.000000 46.000000 1.000000 488.000000
9 3.000000 134.000000 3183.000000 55.000000 2.000000 3377.000000
9 2.000000 126.000000 2689.000000 55.000000 1.000000 2873.000000
9 4.000000 158.000000 1125.000000 54.000000 1.000000 1342.000000
9 2.000000 136.000000 4342.000000 56.000000 1.000000 4537.000000
9 3.000000 131.000000 343.000000 55.000000 1.000000 533.000000
9 3.000000 161.000000 8445.000000 54.000000 2.000000 8665.000000
9 3.000000 149.000000 432.000000 53.000000 2.000000 639.000000
9 5.000000 166.000000 5281.000000 51.000000 2.000000 5505.000000
9 2.000000 127.000000 337.000000 52.000000 1.000000 519.000000
9 1.000000 126.000000 1554.000000 49.000000 1.000000 1731.000000
9 4.000000 154.000000 1447.000000 50.000000 1.000000 1656.000000
9 3.000000 131.000000 359.000000 48.000000 1.000000 542.000000
9 2.000000 129.000000 616.000000 49.000000 1.000000 797.000000
9 2.000000 146.000000 682.000000 47.000000 1.000000 878.000000
9 3.000000 135.000000 2050.000000 51.000000 1.000000 2240.000000
9 2.000000 121.000000 2259.000000 52.000000 2.000000 2436.000000
9 3.000000 152.000000 2221.000000 53.000000 1.000000 2430.000000
9 4.000000 145.000000 630.000000 48.000000 1.000000 828.000000
9 3.000000 125.000000 362.000000 49.000000 1.000000 540.000000
9 2.000000 127.000000 375.000000 52.000000 1.000000 557.000000
9 2.000000 143.000000 406.000000 51.000000 1.000000 603.000000
9 2.000000 122.000000 343.000000 49.000000 1.000000 517.000000
9 3.000000 124.000000 302.000000 49.000000 1.000000 479.000000
9 3.000000 122.000000 1418.000000 57.000000 1.000000 1601.000000
9 2.000000 132.000000 6496.000000 53.000000 1.000000 6684.000000
9 3.000000 131.000000 8283.000000 54.000000 1.000000 8472.000000
9 2.000000 123.000000 341.000000 47.000000 1.000000 514.000000
9 5.000000 147.000000 4265.000000 54.000000 1.000000 4472.000000
9 3.000000 135.000000 6603.000000 53.000000 1.000000 6795.000000
9 2.000000 123.000000 402.000000 55.000000 1.000000 583.000000
9 3.000000 124.000000 333.000000 51.000000 1.000000 512.000000
9 2.000000 134.000000 2660.000000 52.000000 1.000000 2849.000000
9 3.000000 145.000000 772.000000 50.000000 1.000000 971.000000
9 2.000000 115.000000 334.000000 54.000000 1.000000 506.000000
9 2.000000 124.000000 339.000000 47.000000 1.000000 513.000000
9 2.000000 860.000000 754.000000 49.000000 1.000000 1666.000000
9 5.000000 148.000000 1191.000000 54.000000 1.000000 1399.000000
9 3.000000 126.000000 1803.000000 50.000000 2.000000 1984.000000
9 2.000000 128.000000 426.000000 54.000000 2.000000 612.000000
9 3.000000 169.000000 7940.000000 67.000000 2.000000 8181.000000
9 3.000000 142.000000 370.000000 56.000000 1.000000 572.000000
9 6.000000 121.000000 1275.000000 52.000000 1.000000 1455.000000
9 3.000000 133.000000 363.000000 53.000000 1.000000 553.000000
9 2.000000 135.000000 481.000000 54.000000 1.000000 673.000000
9 3.000000 128.000000 370.000000 52.000000 2.000000 555.000000
9 3.000000 126.000000 343.000000 52.000000 1.000000 525.000000
9 4.000000 134.000000 549.000000 54.000000 0.000000 741.000000
9 2.000000 616.000000 251.000000 50.000000 2.000000 921.000000
9 2.000000 117.000000 321.000000 49.000000 1.000000 490.000000
9 2.000000 114.000000 322.000000 51.000000 1.000000 490.000000
9 2.000000 132.000000 346.000000 52.000000 1.000000 533.000000
9 2.000000 124.000000 373.000000 55.000000 1.000000 555.000000
9 2.000000 117.000000 337.000000 46.000000 1.000000 503.000000
9 3.000000 131.000000 348.000000 53.000000 0.000000 535.000000
9 2.000000 129.000000 422.000000 47.000000 1.000000 601.000000
9 2.000000 133.000000 344.000000 47.000000 1.000000 527.000000
9 2.000000 120.000000 342.000000 51.000000 1.000000 516.000000
9 3.000000 123.000000 325.000000 53.000000 1.000000 505.000000
9 5.000000 135.000000 366.000000 54.000000 1.000000 561.000000
9 2.000000 130.000000 407.000000 52.000000 1.000000 592.000000
9 5.000000 204.000000 492.000000 54.000000 1.000000 756.000000
9 2.000000 129.000000 368.000000 51.000000 1.000000 551.000000
9 3.000000 122.000000 358.000000 54.000000 1.000000 538.000000
9 2.000000 125.000000 326.000000 49.000000 1.000000 503.000000
9 3.000000 129.000000 339.000000 52.000000 1.000000 524.000000
9 3.000000 124.000000 344.000000 49.000000 1.000000 521.000000
9 2.000000 136.000000 370.000000 50.000000 1.000000 559.000000
9 2.000000 130.000000 358.000000 49.000000 1.000000 540.000000
9 2.000000 128.000000 348.000000 52.000000 1.000000 531.000000
9 2.000000 160.000000 354.000000 45.000000 1.000000 562.000000
9 2.000000 127.000000 361.000000 54.000000 1.000000 545.000000
9 4.000000 153.000000 10821.000000 49.000000 2.000000 11029.000000
9 4.000000 136.000000 341.000000 49.000000 1.000000 531.000000
9 3.000000 127.000000 345.000000 54.000000 1.000000 530.000000
9 2.000000 120.000000 7035.000000 56.000000 1.000000 7214.000000
9 1.000000 123.000000 370.000000 50.000000 1.000000 545.000000
9 2.000000 134.000000 365.000000 54.000000 1.000000 556.000000
9 2.000000 134.000000 360.000000 51.000000 1.000000 548.000000
9 2.000000 128.000000 380.000000 50.000000 0.000000 560.000000
9 4.000000 716.000000 2124.000000 53.000000 1.000000 2898.000000
9 2.000000 136.000000 373.000000 54.000000 1.000000 566.000000
9 2.000000 125.000000 370.000000 54.000000 1.000000 552.000000
9 3.000000 121.000000 376.000000 52.000000 1.000000 553.000000
9 3.000000 148.000000 484.000000 50.000000 1.000000 686.000000
9 3.000000 1008.000000 793.000000 57.000000 2.000000 1863.000000
9 3.000000 135.000000 324.000000 50.000000 1.000000 513.000000
9 3.000000 129.000000 350.000000 50.000000 1.000000 533.000000
9 3.000000 161.000000 6032.000000 50.000000 1.000000 6247.000000
9 3.000000 151.000000 1649.000000 48.000000 1.000000 1852.000000
9 2.000000 139.000000 363.000000 48.000000 1.000000 553.000000
9 2.000000 139.000000 485.000000 47.000000 2.000000 675.000000
9 3.000000 133.000000 353.000000 51.000000 1.000000 541.000000
