10 2.000000 168.000000 1588.000000 564.000000 2.000000 2324.000000
10 1.000000 1021.000000 1527.000000 497.000000 1.000000 3047.000000
10 2.000000 173.000000 1723.000000 523.000000 1.000000 2422.000000
10 2.000000 164.000000 1469.000000 526.000000 1.000000 2162.000000
10 3.000000 162.000000 6872.000000 488.000000 1.000000 7526.000000
10 2.000000 180.000000 1436.000000 519.000000 1.000000 2138.000000
10 2.000000 183.000000 1508.000000 564.000000 2.000000 2259.000000
10 1.000000 167.000000 11965.000000 477.000000 2.000000 12612.000000
10 1.000000 3514.000000 841.000000 508.000000 3.000000 4867.000000
10 1.000000 139.000000 -997009.000000 508.000000 1.000000 -996360.000000
10 2.000000 175.000000 2779.000000 517.000000 2.000000 3475.000000
10 2.000000 181.000000 1623.000000 512.000000 2.000000 2320.000000
10 1.000000 156.000000 957.000000 523.000000 2.000000 1639.000000
10 1.000000 187.000000 1770.000000 557.000000 2.000000 2517.000000
10 2.000000 20138.000000 12527.000000 515.000000 2.000000 33184.000000
10 3.000000 208.000000 1999.000000 493.000000 2.000000 2705.000000
10 1.000000 1201.000000 883.000000 604.000000 2.000000 2691.000000
10 2.000000 204.000000 3736.000000 489.000000 2.000000 4433.000000
10 1.000000 802.000000 1336.000000 539.000000 1.000000 2679.000000
10 1.000000 147.000000 1499.000000 531.000000 1.000000 2179.000000
10 2.000000 183.000000 1531.000000 494.000000 1.000000 2211.000000
10 2.000000 149.000000 1546.000000 540.000000 2.000000 2239.000000
10 2.000000 186.000000 1607.000000 494.000000 2.000000 2291.000000
10 1.000000 144.000000 1523.000000 1673.000000 3.000000 3344.000000
10 1.000000 163.000000 1085.000000 491.000000 1.000000 1741.000000
10 1.000000 166.000000 3516.000000 495.000000 2.000000 4180.000000
10 1.000000 2964.000000 662.000000 490.000000 2.000000 4119.000000
10 0.000000 1291.000000 864.000000 1014.000000 2.000000 3171.000000
10 1.000000 210.000000 5850.000000 531.000000 1.000000 6593.000000
10 1.000000 1483.000000 907.000000 604.000000 1.000000 2996.000000
10 1.000000 973.000000 1049.000000 470.000000 1.000000 2494.000000
10 1.000000 134.000000 1550.000000 527.000000 1.000000 2213.000000
10 2.000000 158.000000 1505.000000 488.000000 1.000000 2154.000000
10 0.000000 996.000000 647.000000 540.000000 1.000000 2184.000000
10 1.000000 171.000000 1555.000000 504.000000 1.000000 2232.000000
10 1.000000 179.000000 1515.000000 513.000000 2.000000 2210.000000
10 2.000000 209.000000 1888.000000 547.000000 2.000000 2648.000000
10 1.000000 183.000000 6520.000000 492.000000 2.000000 7198.000000
10 2.000000 716.000000 529.000000 485.000000 2.000000 1734.000000
10 1.000000 1225.000000 5872.000000 496.000000 1.000000 7595.000000
10 0.000000 111.000000 6557.000000 480.000000 2.000000 7150.000000
10 1.000000 148.000000 1531.000000 492.000000 2.000000 2174.000000
10 1.000000 164.000000 4066.000000 494.000000 2.000000 4727.000000
10 1.000000 163.000000 3131.000000 528.000000 2.000000 3825.000000
10 2.000000 177.000000 1456.000000 484.000000 2.000000 2121.000000
10 1.000000 6372.000000 5455.000000 496.000000 1.000000 12325.000000
10 2.000000 168.000000 1525.000000 554.000000 2.000000 2251.000000
10 1.000000 169.000000 1488.000000 1939.000000 3.000000 3600.000000
10 1.000000 177.000000 1546.000000 536.000000 2.000000 2262.000000
10 2.000000 159.000000 1516.000000 557.000000 2.000000 2236.000000
10 1.000000 188.000000 1395.000000 495.000000 2.000000 2081.000000
10 1.000000 166.000000 4159.000000 512.000000 2.000000 4840.000000
10 1.000000 180.000000 1597.000000 535.000000 1.000000 2314.000000
10 1.000000 138.000000 4418.000000 509.000000 1.000000 5067.000000
10 2.000000 177.000000 2973.000000 527.000000 1.000000 3680.000000
10 2.000000 149.000000 1676.000000 535.000000 1.000000 2363.000000
10 1.000000 167.000000 1331.000000 525.000000 1.000000 2025.000000
10 2.000000 186.000000 1614.000000 526.000000 2.000000 2330.000000
10 1.000000 2400.000000 5328.000000 602.000000 6.000000 8337.000000
10 2.000000 186.000000 1436.000000 540.000000 2.000000 2166.000000
10 2.000000 179.000000 3752.000000 492.000000 2.000000 4427.000000
10 1.000000 158.000000 1494.000000 739.000000 2.000000 2394.000000
10 2.000000 182.000000 2310.000000 540.000000 2.000000 3036.000000
10 1.000000 159.000000 14515.000000 528.000000 2.000000 15205.000000
10 2.000000 198.000000 2233.000000 502.000000 1.000000 2936.000000
10 1.000000 165.000000 1915.000000 527.000000 1.000000 2609.000000
10 1.000000 151.000000 1655.000000 528.000000 1.000000 2336.000000
10 2.000000 2341.000000 2019.000000 514.000000 2.000000 4878.000000
10 2.000000 177.000000 1650.000000 518.000000 1.000000 2348.000000
10 2.000000 184.000000 9273.000000 1509.000000 3.000000 10971.000000
10 2.000000 689.000000 2930.000000 1777.000000 2.000000 5400.000000
10 1.000000 997.000000 919.000000 486.000000 2.000000 2405.000000
10 1.000000 250.000000 1853.000000 510.000000 2.000000 2616.000000
10 1.000000 155.000000 1240.000000 492.000000 1.000000 1889.000000
10 1.000000 162.000000 2951.000000 546.000000 2.000000 3662.000000
10 2.000000 220.000000 1694.000000 511.000000 2.000000 2429.000000
10 2.000000 195.000000 12233.000000 510.000000 2.000000 12942.000000
10 2.000000 179.000000 4111.000000 508.000000 2.000000 4802.000000
10 1.000000 157.000000 1541.000000 510.000000 2.000000 2211.000000
10 1.000000 2164.000000 995.000000 490.000000 2.000000 3652.000000
10 1.000000 186.000000 1576.000000 541.000000 1.000000 2305.000000
10 1.000000 179.000000 6357.000000 498.000000 2.000000 7037.000000
10 0.000000 994.000000 692.000000 525.000000 2.000000 2213.000000
10 1.000000 163.000000 1269.000000 557.000000 2.000000 1992.000000
10 1.000000 171.000000 1541.000000 480.000000 2.000000 2195.000000
10 1.000000 1011.000000 2215.000000 529.000000 3.000000 3759.000000
10 2.000000 166.000000 3403.000000 482.000000 1.000000 4054.000000
10 1.000000 175.000000 1549.000000 508.000000 1.000000 2234.000000
10 1.000000 162.000000 1524.000000 545.000000 2.000000 2234.000000
10 1.000000 1299.000000 2234.000000 494.000000 2.000000 4030.000000
10 1.000000 821.000000 912.000000 511.000000 2.000000 2247.000000
10 1.000000 185.000000 1286.000000 556.000000 2.000000 2030.000000
10 1.000000 176.000000 1618.000000 518.000000 2.000000 2315.000000
10 1.000000 165.000000 1549.000000 524.000000 2.000000 2241.000000
10 2.000000 166.000000 6688.000000 494.000000 2.000000 7352.000000
10 2.000000 188.000000 1609.000000 513.000000 2.000000 2314.000000
10 1.000000 970.000000 529.000000 565.000000 2.000000 2067.000000
10 2.000000 907.000000 1913.000000 525.000000 2.000000 3349.000000
10 2.000000 180.000000 1594.000000 540.000000 2.000000 2318.000000
10 1.000000 163.000000 2799.000000 531.000000 1.000000 3495.000000
